0.0000	0.000000	0.000000	-100.000000	500.000000	-250.000000	0.000000	100.000000	0.000000	0.000000	0.000000	-0.000000	0.000000	0.000000	0.000000	0.000000	-0.038760	-0.058140	0.000000	-0.000000	0.098800
0.0100	0.999947	0.000000	-99.999756	499.750000	-249.750000	0.000000	99.979004	0.000000	0.098323	0.000000	-0.000000	0.000000	0.000000	-0.378528	-1.538457	-0.038766	-0.058372	0.000000	-0.000000	0.098800
0.0200	1.999685	0.000000	-99.998535	499.500000	-249.500000	0.000000	99.958015	-0.007341	0.196564	-0.021086	-0.005217	0.000055	0.000000	-0.858120	-3.423892	-0.038931	-0.058558	-0.021086	-0.005217	0.098800
0.0300	2.999213	-0.000174	-99.996307	499.250000	-249.250000	0.000000	99.937004	-0.063575	0.305111	-0.057221	-0.014329	0.000407	-0.000302	-0.998254	-3.862704	-0.039164	-0.058648	-0.057221	-0.014329	0.098800
0.0400	3.998530	-0.001079	-99.992958	499.000000	-249.000000	0.000000	99.915825	-0.189403	0.429535	-0.094868	-0.024140	0.001123	-0.002885	-0.893395	-3.271434	-0.039345	-0.058631	-0.094868	-0.024140	0.098800
0.0500	4.997634	-0.003416	-99.988319	498.750000	-248.750000	0.000000	99.894211	-0.381399	0.569694	-0.125001	-0.032483	0.001931	-0.009978	-0.655923	-2.161689	-0.039430	-0.058525	-0.125001	-0.032483	0.098800
0.0600	5.996521	-0.007808	-99.982254	498.500000	-248.500000	0.000000	99.871872	-0.621513	0.721879	-0.143626	-0.038320	0.002463	-0.021045	-0.386832	-0.984177	-0.039423	-0.058362	-0.143626	-0.038320	0.098800
0.0700	6.995183	-0.014677	-99.974640	498.250000	-248.250000	0.000000	99.848633	-0.886617	0.880962	-0.150920	-0.041558	0.002513	-0.032594	-0.158790	-0.043460	-0.039349	-0.058177	-0.150920	-0.041558	0.098800
0.0800	7.993609	-0.024219	-99.965431	498.000000	-248.000000	0.000000	99.824547	-1.155843	1.042062	-0.149695	-0.042721	0.002112	-0.040470	-0.009591	0.521887	-0.039229	-0.057997	-0.149695	-0.042721	0.098800
0.0900	8.991793	-0.036434	-99.954613	497.750000	-247.750000	0.000000	99.799797	-1.414744	1.201556	-0.143780	-0.042617	0.001446	-0.042173	0.054910	0.712512	-0.039086	-0.057840	-0.143780	-0.042617	0.098800
0.1000	9.989727	-0.051198	-99.942207	497.500000	-247.500000	0.000000	99.774590	-1.656430	1.357459	-0.136744	-0.042050	0.000735	-0.037697	0.051035	0.618018	-0.038942	-0.057711	-0.136744	-0.042050	0.098800
0.1100	10.987410	-0.068332	-99.928246	497.250000	-247.250000	0.000000	99.749084	-1.880480	1.509282	-0.131135	-0.041639	0.000143	-0.028943	0.005223	0.363609	-0.038813	-0.057606	-0.131135	-0.041639	0.098800
0.1200	11.984836	-0.087669	-99.912781	497.000000	-247.000000	0.000000	99.723328	-2.090712	1.657602	-0.128242	-0.041738	-0.000241	-0.018557	-0.056155	0.067487	-0.038706	-0.057517	-0.128242	-0.041738	0.098800
0.1300	12.982003	-0.109085	-99.895844	496.750000	-246.750000	0.000000	99.697289	-2.292737	1.803534	-0.128243	-0.042449	-0.000401	-0.008943	-0.113045	-0.184744	-0.038623	-0.057432	-0.128243	-0.042449	0.098800
0.1400	13.978910	-0.132511	-99.877449	496.500000	-246.500000	0.000000	99.670860	-2.491981	1.948269	-0.130564	-0.043694	-0.000371	-0.001719	-0.153974	-0.348713	-0.038558	-0.057346	-0.130564	-0.043694	0.098800
0.1500	14.975552	-0.157930	-99.857605	496.250000	-246.250000	0.000000	99.643944	-2.692458	2.092772	-0.134281	-0.045301	-0.000210	0.002412	-0.175425	-0.417010	-0.038503	-0.057252	-0.134281	-0.045301	0.098800
0.1600	15.971923	-0.185362	-99.836311	496.000000	-246.000000	0.000000	99.616463	-2.896324	2.237641	-0.138472	-0.047075	0.000012	0.003543	-0.179639	-0.407651	-0.038452	-0.057151	-0.138472	-0.047075	0.098800
0.1700	16.968018	-0.214842	-99.813576	495.750000	-245.750000	0.000000	99.588371	-3.104032	2.383104	-0.142430	-0.048858	0.000235	0.002320	-0.171954	-0.350660	-0.038398	-0.057042	-0.142430	-0.048858	0.098800
0.1800	17.963831	-0.246408	-99.789375	495.500000	-245.500000	0.000000	99.559669	-3.314837	2.529107	-0.145759	-0.050544	0.000418	-0.000345	-0.158458	-0.276605	-0.038338	-0.056928	-0.145759	-0.050544	0.098800
0.1900	18.959354	-0.280087	-99.763725	495.250000	-245.250000	0.000000	99.530388	-3.527404	2.675427	-0.148351	-0.052091	0.000539	-0.003532	-0.144322	-0.209132	-0.038272	-0.056812	-0.148351	-0.052091	0.098800
0.2000	19.954584	-0.315894	-99.736610	495.000000	-245.000000	0.000000	99.500565	-3.740337	2.821788	-0.150312	-0.053503	0.000600	-0.006506	-0.132961	-0.161829	-0.038201	-0.056697	-0.150312	-0.053503	0.098800
0.2100	20.949514	-0.353828	-99.708031	494.750000	-244.750000	0.000000	99.470253	-3.952536	2.967941	-0.151861	-0.054811	0.000612	-0.008819	-0.125893	-0.138611	-0.038126	-0.056584	-0.151861	-0.054811	0.098800
0.2200	21.944139	-0.393881	-99.677986	494.500000	-244.500000	0.000000	99.439491	-4.163349	3.113714	-0.153233	-0.056059	0.000596	-0.010311	-0.123089	-0.136259	-0.038049	-0.056473	-0.153233	-0.056059	0.098800
0.2300	22.938457	-0.436039	-99.646484	494.250000	-244.250000	0.000000	99.408302	-4.372568	3.259020	-0.154621	-0.057289	0.000569	-0.011051	-0.123550	-0.147752	-0.037971	-0.056364	-0.154621	-0.057289	0.098800
0.2400	23.932463	-0.480285	-99.613533	494.000000	-244.000000	0.000000	99.376686	-4.580317	3.403846	-0.156144	-0.058529	0.000546	-0.011245	-0.125897	-0.165301	-0.037895	-0.056257	-0.156144	-0.058529	0.098800
0.2500	24.926149	-0.526605	-99.579132	493.750000	-243.750000	0.000000	99.344643	-4.786907	3.548231	-0.157846	-0.059794	0.000534	-0.011140	-0.128828	-0.182473	-0.037819	-0.056151	-0.157846	-0.059794	0.098800
0.2600	25.919516	-0.574989	-99.543289	493.500000	-243.500000	0.000000	99.312149	-4.992690	3.692233	-0.159710	-0.061088	0.000536	-0.010955	-0.131390	-0.195232	-0.037744	-0.056046	-0.159710	-0.061088	0.098800
0.2700	26.912556	-0.625429	-99.506004	493.250000	-243.250000	0.000000	99.279198	-5.197963	3.835913	-0.161688	-0.062406	0.000549	-0.010841	-0.133065	-0.202040	-0.037669	-0.055940	-0.161688	-0.062406	0.098800
0.2800	27.905264	-0.677922	-99.467285	493.000000	-243.000000	0.000000	99.245789	-5.402919	3.979317	-0.163719	-0.063738	0.000568	-0.010870	-0.133730	-0.203322	-0.037595	-0.055833	-0.163719	-0.063738	0.098800
0.2900	28.897638	-0.732463	-99.427132	492.750000	-242.750000	0.000000	99.211922	-5.607635	4.122472	-0.165752	-0.065074	0.000590	-0.011048	-0.133537	-0.200663	-0.037521	-0.055726	-0.165752	-0.065074	0.098800
0.3000	29.889671	-0.789050	-99.385544	492.500000	-242.500000	0.000000	99.177582	-5.812100	4.265385	-0.167753	-0.066406	0.000610	-0.011337	-0.132778	-0.196016	-0.037446	-0.055619	-0.167753	-0.066406	0.098800
0.3100	30.881361	-0.847682	-99.342537	492.250000	-242.250000	0.000000	99.142792	-6.016243	4.408051	-0.169706	-0.067730	0.000627	-0.011681	-0.131765	-0.191102	-0.037371	-0.055512	-0.169706	-0.067730	0.098800
0.3200	31.872702	-0.908354	-99.298096	492.000000	-242.000000	0.000000	99.107552	-6.219977	4.550456	-0.171611	-0.069044	0.000640	-0.012028	-0.130756	-0.187089	-0.037295	-0.055404	-0.171611	-0.069044	0.098800
0.3300	32.863689	-0.971062	-99.252235	491.750000	-241.750000	0.000000	99.071877	-6.423224	4.692584	-0.173480	-0.070348	0.000649	-0.012340	-0.129909	-0.184511	-0.037219	-0.055297	-0.173480	-0.070348	0.098800
0.3400	33.854317	-1.035802	-99.204956	491.500000	-241.500000	0.000000	99.035759	-6.625927	4.834423	-0.175327	-0.071645	0.000656	-0.012601	-0.129289	-0.183372	-0.037142	-0.055190	-0.175327	-0.071645	0.098800
0.3500	34.844582	-1.102567	-99.156258	491.250000	-241.250000	0.000000	98.999214	-6.828062	4.975963	-0.177166	-0.072935	0.000662	-0.012812	-0.128885	-0.183329	-0.037066	-0.055083	-0.177166	-0.072935	0.098800
0.3600	35.834480	-1.171352	-99.106148	491.000000	-241.000000	0.000000	98.962257	-7.029626	5.117200	-0.179006	-0.074222	0.000668	-0.012985	-0.128640	-0.183905	-0.036989	-0.054976	-0.179006	-0.074222	0.098800
0.3700	36.824009	-1.242151	-99.054619	490.750000	-240.750000	0.000000	98.924873	-7.230633	5.258132	-0.180853	-0.075507	0.000676	-0.013141	-0.128483	-0.184647	-0.036911	-0.054869	-0.180853	-0.075507	0.098800
0.3800	37.813164	-1.314959	-99.001686	490.500000	-240.500000	0.000000	98.887077	-7.431106	5.398761	-0.182708	-0.076790	0.000686	-0.013295	-0.128348	-0.185222	-0.036834	-0.054763	-0.182708	-0.076790	0.098800
0.3900	38.801937	-1.389770	-98.947350	490.250000	-240.250000	0.000000	98.848869	-7.631063	5.539090	-0.184567	-0.078072	0.000696	-0.013460	-0.128189	-0.185460	-0.036757	-0.054656	-0.184567	-0.078072	0.098800
0.4000	39.790329	-1.466579	-98.891609	490.000000	-240.000000	0.000000	98.810242	-7.830522	5.679121	-0.186428	-0.079352	0.000707	-0.013642	-0.127981	-0.185330	-0.036680	-0.054550	-0.186428	-0.079352	0.098800
0.4100	40.778336	-1.545382	-98.834465	489.750000	-239.750000	0.000000	98.771202	-8.029490	5.818854	-0.188288	-0.080630	0.000719	-0.013843	-0.127721	-0.184901	-0.036602	-0.054443	-0.188288	-0.080630	0.098800
0.4200	41.765949	-1.626174	-98.775932	489.500000	-239.500000	0.000000	98.731758	-8.227968	5.958292	-0.190142	-0.081905	0.000731	-0.014057	-0.127415	-0.184286	-0.036524	-0.054336	-0.190142	-0.081905	0.098800
0.4300	42.753170	-1.708949	-98.716003	489.250000	-239.250000	0.000000	98.691910	-8.425955	6.097433	-0.191991	-0.083177	0.000742	-0.014279	-0.127081	-0.183605	-0.036446	-0.054230	-0.191991	-0.083177	0.098800
0.4400	43.739986	-1.793702	-98.654678	489.000000	-239.000000	0.000000	98.651665	-8.623445	6.236276	-0.193832	-0.084446	0.000753	-0.014503	-0.126734	-0.182947	-0.036368	-0.054123	-0.193832	-0.084446	0.098800
0.4500	44.726402	-1.880429	-98.591972	488.750000	-238.750000	0.000000	98.611023	-8.820432	6.374819	-0.195668	-0.085711	0.000763	-0.014725	-0.126386	-0.182365	-0.036289	-0.054017	-0.195668	-0.085711	0.098800
0.4600	45.712410	-1.969125	-98.527878	488.500000	-238.500000	0.000000	98.569984	-9.016912	6.513062	-0.197498	-0.086972	0.000773	-0.014942	-0.126047	-0.181876	-0.036210	-0.053910	-0.197498	-0.086972	0.098800
0.4700	46.698009	-2.059785	-98.462402	488.250000	-238.250015	0.000000	98.528564	-9.212885	6.651003	-0.199324	-0.088230	0.000783	-0.015152	-0.125719	-0.181467	-0.036132	-0.053804	-0.199324	-0.088230	0.098800
0.4800	47.683189	-2.152402	-98.395546	488.000000	-238.000015	0.000000	98.486755	-9.408347	6.788640	-0.201146	-0.089485	0.000793	-0.015356	-0.125401	-0.181114	-0.036053	-0.053697	-0.201146	-0.089485	0.098800
0.4900	48.667953	-2.246974	-98.327316	487.750000	-237.750015	0.000000	98.444565	-9.603300	6.925973	-0.202964	-0.090737	0.000802	-0.015555	-0.125090	-0.180783	-0.035973	-0.053591	-0.202964	-0.090737	0.098800
0.5000	49.652290	-2.343493	-98.257713	487.500000	-237.500015	0.000000	98.402000	-9.797746	7.063001	-0.204780	-0.091986	0.000812	-0.015752	-0.124784	-0.180454	-0.035894	-0.053484	-0.204780	-0.091986	0.098800
0.5100	50.636200	-2.441956	-98.186737	487.250000	-237.250015	0.000000	98.359062	-9.991685	7.199723	-0.206592	-0.093232	0.000821	-0.015946	-0.124477	-0.180107	-0.035814	-0.053378	-0.206592	-0.093232	0.098800
0.5200	51.619682	-2.542356	-98.114403	487.000000	-237.000015	0.000000	98.315758	-10.185120	7.336139	-0.208401	-0.094474	0.000831	-0.016139	-0.124168	-0.179736	-0.035734	-0.053272	-0.208401	-0.094474	0.098800
0.5300	52.602730	-2.644690	-98.040703	486.750000	-236.750015	0.000000	98.272087	-10.378050	7.472248	-0.210207	-0.095713	0.000841	-0.016332	-0.123856	-0.179344	-0.035654	-0.053166	-0.210207	-0.095713	0.098800
0.5400	53.585339	-2.748952	-97.965637	486.500000	-236.500015	0.000000	98.228050	-10.570477	7.608049	-0.212009	-0.096950	0.000850	-0.016524	-0.123541	-0.178935	-0.035574	-0.053059	-0.212009	-0.096950	0.098800
0.5500	54.567505	-2.855137	-97.889221	486.250000	-236.250015	0.000000	98.183647	-10.762400	7.743543	-0.213807	-0.098183	0.000860	-0.016716	-0.123223	-0.178519	-0.035494	-0.052953	-0.213807	-0.098183	0.098800
0.5600	55.549229	-2.963240	-97.811447	486.000000	-236.000015	0.000000	98.138885	-10.953819	7.878727	-0.215601	-0.099413	0.000869	-0.016906	-0.122902	-0.178103	-0.035413	-0.052847	-0.215601	-0.099413	0.098800
0.5700	56.530506	-3.073256	-97.732323	485.750000	-235.750015	0.000000	98.093773	-11.144734	8.013602	-0.217391	-0.100639	0.000878	-0.017095	-0.122580	-0.177690	-0.035333	-0.052741	-0.217391	-0.100639	0.098800
0.5800	57.511330	-3.185179	-97.651848	485.500000	-235.500015	0.000000	98.048309	-11.335145	8.148168	-0.219177	-0.101863	0.000887	-0.017282	-0.122257	-0.177282	-0.035252	-0.052635	-0.219177	-0.101863	0.098800
0.5900	58.491699	-3.299006	-97.570030	485.250000	-235.250015	0.000000	98.002495	-11.525052	8.282422	-0.220959	-0.103083	0.000896	-0.017467	-0.121934	-0.176879	-0.035171	-0.052528	-0.220959	-0.103083	0.098800
0.6000	59.471611	-3.414730	-97.486870	485.000000	-235.000015	0.000000	97.956337	-11.714455	8.416365	-0.222738	-0.104300	0.000905	-0.017650	-0.121611	-0.176482	-0.035090	-0.052422	-0.222738	-0.104300	0.098800
0.6100	60.451057	-3.532347	-97.402367	484.750000	-234.750015	0.000000	97.909836	-11.903353	8.549995	-0.224512	-0.105514	0.000914	-0.017832	-0.121287	-0.176087	-0.035008	-0.052316	-0.224512	-0.105514	0.098800
0.6200	61.430038	-3.651852	-97.316536	484.500000	-234.500015	0.000000	97.862999	-12.091747	8.683313	-0.226283	-0.106724	0.000923	-0.018012	-0.120963	-0.175692	-0.034927	-0.052210	-0.226283	-0.106724	0.098800
0.6300	62.408550	-3.773239	-97.229370	484.250000	-234.250015	0.000000	97.815826	-12.279638	8.816317	-0.228050	-0.107931	0.000932	-0.018190	-0.120639	-0.175297	-0.034845	-0.052104	-0.228050	-0.107931	0.098800
0.6400	63.386589	-3.896505	-97.140877	484.000000	-234.000015	0.000000	97.768326	-12.467026	8.949006	-0.229814	-0.109135	0.000940	-0.018367	-0.120313	-0.174899	-0.034763	-0.051998	-0.229814	-0.109135	0.098800
0.6500	64.364151	-4.021642	-97.051056	483.750000	-233.750015	0.000000	97.720497	-12.653911	9.081381	-0.231574	-0.110336	0.000949	-0.018543	-0.119987	-0.174499	-0.034681	-0.051892	-0.231574	-0.110336	0.098800
0.6600	65.341232	-4.148648	-96.959908	483.500000	-233.500015	0.000000	97.672348	-12.840293	9.213441	-0.233329	-0.111533	0.000957	-0.018717	-0.119660	-0.174098	-0.034599	-0.051786	-0.233329	-0.111533	0.098800
0.6700	66.317841	-4.277515	-96.867447	483.250000	-233.250015	0.000000	97.623871	-13.026173	9.345184	-0.235082	-0.112727	0.000966	-0.018890	-0.119333	-0.173697	-0.034517	-0.051680	-0.235082	-0.112727	0.098800
0.6800	67.293961	-4.408241	-96.773666	483.000000	-233.000015	0.000000	97.575081	-13.211550	9.476611	-0.236830	-0.113918	0.000974	-0.019061	-0.119004	-0.173296	-0.034435	-0.051574	-0.236830	-0.113918	0.098800
0.6900	68.269592	-4.540819	-96.678566	482.750000	-232.750015	0.000000	97.525978	-13.396425	9.607721	-0.238574	-0.115106	0.000983	-0.019231	-0.118675	-0.172894	-0.034352	-0.051467	-0.238574	-0.115106	0.098800
0.7000	69.244728	-4.675244	-96.582161	482.500000	-232.500015	0.000000	97.476562	-13.580798	9.738513	-0.240315	-0.116290	0.000991	-0.019399	-0.118345	-0.172493	-0.034269	-0.051361	-0.240315	-0.116290	0.098800
0.7100	70.219368	-4.811512	-96.484451	482.250000	-232.250015	0.000000	97.426834	-13.764669	9.868987	-0.242052	-0.117471	0.000999	-0.019566	-0.118014	-0.172092	-0.034186	-0.051255	-0.242052	-0.117471	0.098800
0.7200	71.193512	-4.949618	-96.385437	482.000000	-232.000015	0.000000	97.376801	-13.948039	9.999142	-0.243785	-0.118648	0.001007	-0.019731	-0.117683	-0.171691	-0.034103	-0.051149	-0.243785	-0.118648	0.098800
0.7300	72.167152	-5.089556	-96.285118	481.750000	-231.750015	0.000000	97.326477	-14.130907	10.128977	-0.245515	-0.119823	0.001015	-0.019895	-0.117352	-0.171290	-0.034020	-0.051043	-0.245515	-0.119823	0.098800
0.7400	73.140289	-5.231321	-96.183502	481.500000	-231.500015	0.000000	97.275848	-14.313274	10.258492	-0.247240	-0.120994	0.001023	-0.020057	-0.117019	-0.170889	-0.033937	-0.050937	-0.247240	-0.120994	0.098800
0.7500	74.112923	-5.374909	-96.080597	481.250000	-231.250015	0.000000	97.224930	-14.495141	10.387686	-0.248962	-0.122161	0.001031	-0.020217	-0.116685	-0.170487	-0.033854	-0.050831	-0.248962	-0.122161	0.098800
0.7600	75.085045	-5.520314	-95.976395	481.000000	-231.000015	0.000000	97.173714	-14.676506	10.516560	-0.250680	-0.123325	0.001039	-0.020377	-0.116351	-0.170085	-0.033770	-0.050725	-0.250680	-0.123325	0.098800
0.7700	76.056656	-5.667531	-95.870911	480.750000	-230.750015	0.000000	97.122215	-14.857371	10.645111	-0.252394	-0.124486	0.001046	-0.020534	-0.116017	-0.169683	-0.033686	-0.050619	-0.252394	-0.124486	0.098800
0.7800	77.027748	-5.816556	-95.764145	480.500000	-230.500015	0.000000	97.070427	-15.037737	10.773341	-0.254105	-0.125644	0.001054	-0.020690	-0.115682	-0.169280	-0.033602	-0.050513	-0.254105	-0.125644	0.098800
0.7900	77.998322	-5.967384	-95.656097	480.250000	-230.250015	0.000000	97.018356	-15.217603	10.901248	-0.255811	-0.126798	0.001061	-0.020845	-0.115346	-0.168877	-0.033518	-0.050407	-0.255811	-0.126798	0.098800
0.8000	78.968376	-6.120008	-95.546768	480.000000	-230.000015	0.000000	96.966011	-15.396969	11.028831	-0.257514	-0.127949	0.001069	-0.020998	-0.115010	-0.168476	-0.033434	-0.050301	-0.257514	-0.127949	0.098800
0.8100	79.937904	-6.274426	-95.436157	479.750031	-229.750015	0.000000	96.913391	-15.575835	11.156092	-0.259213	-0.129096	0.001076	-0.021150	-0.114673	-0.168074	-0.033350	-0.050194	-0.259213	-0.129096	0.098800
0.8200	80.906906	-6.430630	-95.324280	479.500031	-229.500015	0.000000	96.860497	-15.754202	11.283029	-0.260908	-0.130240	0.001084	-0.021300	-0.114336	-0.167671	-0.033266	-0.050088	-0.260908	-0.130240	0.098800
0.8300	81.875374	-6.588617	-95.211136	479.250031	-229.250015	0.000000	96.807335	-15.932071	11.409639	-0.262600	-0.131381	0.001091	-0.021449	-0.113998	-0.167267	-0.033181	-0.049982	-0.262600	-0.131381	0.098800
0.8400	82.843315	-6.748381	-95.096725	479.000031	-229.000015	0.000000	96.753906	-16.109442	11.535926	-0.264287	-0.132518	0.001098	-0.021596	-0.113659	-0.166864	-0.033096	-0.049876	-0.264287	-0.132518	0.098800
0.8500	83.810722	-6.909918	-94.981056	478.750031	-228.750015	0.000000	96.700218	-16.286314	11.661886	-0.265971	-0.133652	0.001105	-0.021742	-0.113319	-0.166461	-0.033012	-0.049770	-0.265971	-0.133652	0.098800
0.8600	84.777588	-7.073223	-94.864120	478.500031	-228.500015	0.000000	96.646271	-16.462688	11.787521	-0.267651	-0.134783	0.001112	-0.021886	-0.112979	-0.166057	-0.032927	-0.049663	-0.267651	-0.134783	0.098800
0.8700	85.743912	-7.238290	-94.745934	478.250031	-228.250015	0.000000	96.592064	-16.638565	11.912829	-0.269327	-0.135910	0.001119	-0.022029	-0.112639	-0.165653	-0.032842	-0.049557	-0.269327	-0.135910	0.098800
0.8800	86.709702	-7.405114	-94.626495	478.000031	-228.000015	0.000000	96.537605	-16.813944	12.037810	-0.271000	-0.137034	0.001126	-0.022170	-0.112298	-0.165250	-0.032757	-0.049451	-0.271000	-0.137034	0.098800
0.8900	87.674942	-7.573691	-94.505806	477.750031	-227.750015	0.000000	96.482895	-16.988827	12.162465	-0.272668	-0.138154	0.001133	-0.022310	-0.111957	-0.164845	-0.032672	-0.049345	-0.272668	-0.138154	0.098800
0.9000	88.639633	-7.744016	-94.383865	477.500031	-227.500015	0.000000	96.427933	-17.163214	12.286792	-0.274333	-0.139271	0.001139	-0.022448	-0.111615	-0.164441	-0.032586	-0.049238	-0.274333	-0.139271	0.098800
0.9100	89.603775	-7.916083	-94.260689	477.250031	-227.250015	0.000000	96.372726	-17.337105	12.410790	-0.275994	-0.140384	0.001146	-0.022585	-0.111273	-0.164036	-0.032501	-0.049132	-0.275994	-0.140384	0.098800
0.9200	90.567368	-8.089888	-94.136269	477.000031	-227.000015	0.000000	96.317284	-17.510500	12.534459	-0.277651	-0.141494	0.001153	-0.022720	-0.110930	-0.163631	-0.032415	-0.049026	-0.277651	-0.141494	0.098800
0.9300	91.530396	-8.265425	-94.010612	476.750031	-226.750015	0.000000	96.261604	-17.683399	12.657800	-0.279304	-0.142601	0.001159	-0.022854	-0.110586	-0.163227	-0.032329	-0.048919	-0.279304	-0.142601	0.098800
0.9400	92.492874	-8.442690	-93.883728	476.500031	-226.500015	0.000000	96.205688	-17.855803	12.780810	-0.280953	-0.143704	0.001166	-0.022987	-0.110241	-0.162820	-0.032244	-0.048813	-0.280953	-0.143704	0.098800
0.9500	93.454788	-8.621678	-93.755615	476.250031	-226.250015	0.000000	96.149544	-18.027710	12.903491	-0.282599	-0.144803	0.001172	-0.023118	-0.109896	-0.162414	-0.032158	-0.048706	-0.282599	-0.144803	0.098800
0.9600	94.416145	-8.802384	-93.626274	476.000031	-226.000015	0.000000	96.093170	-18.199121	13.025842	-0.284241	-0.145900	0.001178	-0.023247	-0.109551	-0.162008	-0.032072	-0.048600	-0.284241	-0.145900	0.098800
0.9700	95.376938	-8.984803	-93.495705	475.750031	-225.750015	0.000000	96.036568	-18.370041	13.147861	-0.285879	-0.146992	0.001185	-0.023375	-0.109206	-0.161601	-0.031986	-0.048493	-0.285879	-0.146992	0.098800
0.9800	96.337166	-9.168930	-93.363922	475.500031	-225.500015	0.000000	95.979752	-18.540464	13.269550	-0.287513	-0.148082	0.001191	-0.023501	-0.108859	-0.161193	-0.031899	-0.048387	-0.287513	-0.148082	0.098800
0.9900	97.296822	-9.354759	-93.230927	475.250031	-225.250015	0.000000	95.922707	-18.710396	13.390908	-0.289143	-0.149167	0.001197	-0.023627	-0.108512	-0.160785	-0.031813	-0.048280	-0.289143	-0.149167	0.098800
1.0000	98.255905	-9.542287	-93.096710	475.000031	-225.000015	0.000000	95.865448	-18.879833	13.511934	-0.290769	-0.150250	0.001203	-0.023750	-0.108166	-0.160377	-0.031727	-0.048173	-0.290769	-0.150250	0.098800
1.0100	99.214417	-9.731508	-92.961288	474.750031	-224.750015	0.000000	95.807976	-19.048779	13.632628	-0.292392	-0.151329	0.001209	-0.023872	-0.107818	-0.159968	-0.031640	-0.048067	-0.292392	-0.151329	0.098800
1.0200	100.172356	-9.922417	-92.824661	474.500031	-224.500015	0.000000	95.750298	-19.217230	13.752989	-0.294010	-0.152404	0.001215	-0.023993	-0.107470	-0.159561	-0.031553	-0.047960	-0.294010	-0.152404	0.098800
1.0300	101.129715	-10.115009	-92.686829	474.250031	-224.250015	0.000000	95.692413	-19.385189	13.873017	-0.295625	-0.153476	0.001220	-0.024112	-0.107122	-0.159153	-0.031467	-0.047853	-0.295625	-0.153476	0.098800
1.0400	102.086494	-10.309280	-92.547798	474.000031	-224.000015	0.000000	95.634323	-19.552656	13.992712	-0.297236	-0.154544	0.001226	-0.024230	-0.106773	-0.158744	-0.031380	-0.047746	-0.297236	-0.154544	0.098800
1.0500	103.042694	-10.505224	-92.407578	473.750031	-223.750031	0.000000	95.576035	-19.719633	14.112074	-0.298843	-0.155609	0.001232	-0.024346	-0.106423	-0.158334	-0.031293	-0.047639	-0.298843	-0.155609	0.098800
1.0600	103.998314	-10.702837	-92.266159	473.500031	-223.500031	0.000000	95.517548	-19.886118	14.231102	-0.300446	-0.156671	0.001237	-0.024461	-0.106073	-0.157925	-0.031206	-0.047533	-0.300446	-0.156671	0.098800
1.0700	104.953339	-10.902114	-92.123558	473.250031	-223.250031	0.000000	95.458862	-20.052113	14.349796	-0.302045	-0.157729	0.001243	-0.024574	-0.105722	-0.157518	-0.031119	-0.047426	-0.302045	-0.157729	0.098800
1.0800	105.907784	-11.103049	-91.979767	473.000031	-223.000031	0.000000	95.399986	-20.217617	14.468156	-0.303641	-0.158783	0.001248	-0.024686	-0.105372	-0.157107	-0.031032	-0.047319	-0.303641	-0.158783	0.098800
1.0900	106.861633	-11.305638	-91.834785	472.750031	-222.750031	0.000000	95.340919	-20.382631	14.586181	-0.305232	-0.159834	0.001253	-0.024796	-0.105021	-0.156699	-0.030944	-0.047212	-0.305232	-0.159834	0.098800
1.1000	107.814896	-11.509876	-91.688629	472.500031	-222.500031	0.000000	95.281670	-20.547155	14.703870	-0.306820	-0.160881	0.001259	-0.024905	-0.104670	-0.156288	-0.030857	-0.047104	-0.306820	-0.160881	0.098800
1.1100	108.767563	-11.715758	-91.541298	472.250031	-222.250031	0.000000	95.222237	-20.711191	14.821223	-0.308404	-0.161925	0.001264	-0.025012	-0.104319	-0.155877	-0.030770	-0.046997	-0.308404	-0.161925	0.098800
1.1200	109.719635	-11.923279	-91.392792	472.000031	-222.000031	0.000000	95.162621	-20.874739	14.938241	-0.309984	-0.162965	0.001269	-0.025118	-0.103967	-0.155465	-0.030682	-0.046890	-0.309984	-0.162965	0.098800
1.1300	110.671112	-12.132435	-91.243118	471.750031	-221.750031	0.000000	95.102837	-21.037798	15.054923	-0.311560	-0.164002	0.001274	-0.025223	-0.103613	-0.155052	-0.030594	-0.046783	-0.311560	-0.164002	0.098800
1.1400	111.621994	-12.343220	-91.092278	471.500031	-221.500031	0.000000	95.042870	-21.200369	15.171269	-0.313132	-0.165035	0.001279	-0.025326	-0.103260	-0.154639	-0.030507	-0.046675	-0.313132	-0.165035	0.098800
1.1500	112.572273	-12.555629	-90.940269	471.250031	-221.250031	0.000000	94.982735	-21.362452	15.287280	-0.314700	-0.166065	0.001284	-0.025428	-0.102906	-0.154226	-0.030419	-0.046568	-0.314700	-0.166065	0.098800
1.1600	113.521950	-12.769658	-90.787102	471.000031	-221.000031	0.000000	94.922432	-21.524046	15.402953	-0.316264	-0.167091	0.001289	-0.025528	-0.102553	-0.153813	-0.030331	-0.046461	-0.316264	-0.167091	0.098800
1.1700	114.471024	-12.985302	-90.632790	470.750031	-220.750031	0.000000	94.861961	-21.685156	15.518290	-0.317824	-0.168114	0.001293	-0.025627	-0.102198	-0.153399	-0.030243	-0.046353	-0.317824	-0.168114	0.098800
1.1800	115.419495	-13.202556	-90.477318	470.500031	-220.500031	0.000000	94.801331	-21.845778	15.633289	-0.319381	-0.169133	0.001298	-0.025725	-0.101843	-0.152986	-0.030155	-0.046246	-0.319381	-0.169133	0.098800
1.1900	116.367355	-13.421414	-90.320702	470.250031	-220.250031	0.000000	94.740540	-22.005915	15.747952	-0.320933	-0.170149	0.001303	-0.025820	-0.101488	-0.152572	-0.030067	-0.046138	-0.320933	-0.170149	0.098800
1.2000	117.314606	-13.641872	-90.162933	470.000031	-220.000031	0.000000	94.679588	-22.165565	15.862275	-0.322482	-0.171161	0.001307	-0.025915	-0.101134	-0.152159	-0.029979	-0.046030	-0.322482	-0.171161	0.098800
1.2100	118.261246	-13.863926	-90.004021	469.750031	-219.750031	0.000000	94.618484	-22.324730	15.976261	-0.324026	-0.172169	0.001312	-0.026008	-0.100779	-0.151744	-0.029891	-0.045922	-0.324026	-0.172169	0.098800
1.2200	119.207275	-14.087570	-89.843979	469.500031	-219.500031	0.000000	94.557228	-22.483410	16.089909	-0.325567	-0.173174	0.001316	-0.026099	-0.100423	-0.151328	-0.029802	-0.045815	-0.325567	-0.173174	0.098800
1.2300	120.152695	-14.312800	-89.682793	469.250031	-219.250031	0.000000	94.495834	-22.641605	16.203218	-0.327103	-0.174175	0.001321	-0.026189	-0.100067	-0.150911	-0.029714	-0.045707	-0.327103	-0.174175	0.098800
1.2400	121.097504	-14.539611	-89.520477	469.000031	-219.000031	0.000000	94.434288	-22.799318	16.316189	-0.328636	-0.175173	0.001325	-0.026278	-0.099710	-0.150493	-0.029626	-0.045599	-0.328636	-0.175173	0.098800
1.2500	122.041687	-14.767998	-89.357033	468.750031	-218.750031	0.000000	94.372604	-22.956547	16.428822	-0.330165	-0.176167	0.001329	-0.026365	-0.099352	-0.150076	-0.029537	-0.045491	-0.330165	-0.176167	0.098800
1.2600	122.985260	-14.997955	-89.192459	468.500031	-218.500031	0.000000	94.310776	-23.113293	16.541115	-0.331690	-0.177158	0.001333	-0.026451	-0.098995	-0.149659	-0.029448	-0.045383	-0.331690	-0.177158	0.098800
1.2700	123.928215	-15.229479	-89.026772	468.250031	-218.250031	0.000000	94.248817	-23.269556	16.653069	-0.333211	-0.178145	0.001337	-0.026535	-0.098638	-0.149241	-0.029360	-0.045274	-0.333211	-0.178145	0.098800
1.2800	124.870552	-15.462564	-88.859962	468.000031	-218.000031	0.000000	94.186722	-23.425335	16.764683	-0.334727	-0.179129	0.001341	-0.026618	-0.098280	-0.148824	-0.029271	-0.045166	-0.334727	-0.179129	0.098800
1.2900	125.812263	-15.697206	-88.692039	467.750031	-217.750031	0.000000	94.124496	-23.580633	16.875957	-0.336240	-0.180109	0.001345	-0.026700	-0.097922	-0.148405	-0.029182	-0.045058	-0.336240	-0.180109	0.098800
1.3000	126.753349	-15.933399	-88.523003	467.500031	-217.500031	0.000000	94.062149	-23.735451	16.986893	-0.337749	-0.181085	0.001349	-0.026780	-0.097564	-0.147986	-0.029094	-0.044949	-0.337749	-0.181085	0.098800
1.3100	127.693817	-16.171141	-88.352852	467.250031	-217.250031	0.000000	93.999664	-23.889788	17.097488	-0.339254	-0.182058	0.001353	-0.026858	-0.097205	-0.147566	-0.029005	-0.044841	-0.339254	-0.182058	0.098800
1.3200	128.633667	-16.410423	-88.181602	467.000031	-217.000031	0.000000	93.937057	-24.043644	17.207743	-0.340755	-0.183027	0.001356	-0.026935	-0.096846	-0.147148	-0.028916	-0.044732	-0.340755	-0.183027	0.098800
1.3300	129.572876	-16.651243	-88.009254	466.750031	-216.750031	0.000000	93.874336	-24.197020	17.317657	-0.342252	-0.183992	0.001360	-0.027011	-0.096487	-0.146728	-0.028827	-0.044624	-0.342252	-0.183992	0.098800
1.3400	130.511459	-16.893597	-87.835808	466.500031	-216.500031	0.000000	93.811501	-24.349915	17.427233	-0.343745	-0.184954	0.001363	-0.027086	-0.096127	-0.146306	-0.028738	-0.044515	-0.343745	-0.184954	0.098800
1.3500	131.449417	-17.137478	-87.661263	466.250031	-216.250031	0.000000	93.748550	-24.502331	17.536467	-0.345234	-0.185913	0.001367	-0.027158	-0.095768	-0.145884	-0.028649	-0.044406	-0.345234	-0.185913	0.098800
1.3600	132.386749	-17.382881	-87.485626	466.000031	-216.000031	0.000000	93.685486	-24.654268	17.645359	-0.346718	-0.186868	0.001370	-0.027230	-0.095409	-0.145463	-0.028559	-0.044297	-0.346718	-0.186868	0.098800
1.3700	133.323456	-17.629803	-87.308899	465.750031	-215.750031	0.000000	93.622314	-24.805727	17.753910	-0.348199	-0.187819	0.001374	-0.027300	-0.095049	-0.145042	-0.028470	-0.044188	-0.348199	-0.187819	0.098800
1.3800	134.259521	-17.878239	-87.131088	465.500031	-215.500031	0.000000	93.559036	-24.956709	17.862120	-0.349676	-0.188766	0.001377	-0.027369	-0.094688	-0.144619	-0.028381	-0.044079	-0.349676	-0.188766	0.098800
1.3900	135.194946	-18.128183	-86.952202	465.250031	-215.250031	0.000000	93.495659	-25.107212	17.969990	-0.351149	-0.189710	0.001380	-0.027436	-0.094327	-0.144194	-0.028292	-0.043970	-0.351149	-0.189710	0.098800
1.4000	136.129745	-18.379631	-86.772232	465.000031	-215.000031	0.000000	93.432175	-25.257238	18.077517	-0.352617	-0.190651	0.001383	-0.027502	-0.093965	-0.143769	-0.028202	-0.043861	-0.352617	-0.190651	0.098800
1.4100	137.063904	-18.632578	-86.591194	464.750031	-214.750031	0.000000	93.368599	-25.406788	18.184704	-0.354082	-0.191587	0.001386	-0.027566	-0.093604	-0.143343	-0.028113	-0.043751	-0.354082	-0.191587	0.098800
1.4200	137.997437	-18.887018	-86.409073	464.500031	-214.500031	0.000000	93.304932	-25.555862	18.291548	-0.355543	-0.192521	0.001389	-0.027629	-0.093243	-0.142918	-0.028023	-0.043642	-0.355543	-0.192521	0.098800
1.4300	138.930328	-19.142948	-86.225891	464.250031	-214.250031	0.000000	93.241173	-25.704460	18.398052	-0.356999	-0.193450	0.001392	-0.027690	-0.092883	-0.142493	-0.027934	-0.043532	-0.356999	-0.193450	0.098800
1.4400	139.862579	-19.400364	-86.041649	464.000031	-214.000031	0.000000	93.177322	-25.852583	18.504213	-0.358451	-0.194376	0.001395	-0.027750	-0.092521	-0.142068	-0.027844	-0.043423	-0.358451	-0.194376	0.098800
1.4500	140.794189	-19.659260	-85.856339	463.750031	-213.750031	0.000000	93.113380	-26.000231	18.610031	-0.359900	-0.195298	0.001398	-0.027809	-0.092160	-0.141642	-0.027755	-0.043313	-0.359900	-0.195298	0.098800
1.4600	141.725159	-19.919630	-85.669975	463.500031	-213.500031	0.000000	93.049362	-26.147406	18.715509	-0.361344	-0.196217	0.001400	-0.027866	-0.091798	-0.141216	-0.027665	-0.043203	-0.361344	-0.196217	0.098800
1.4700	142.655487	-20.181471	-85.482559	463.250031	-213.250031	0.000000	92.985260	-26.294104	18.820644	-0.362784	-0.197132	0.001403	-0.027922	-0.091436	-0.140788	-0.027575	-0.043093	-0.362784	-0.197132	0.098800
1.4800	143.585175	-20.444777	-85.294090	463.000031	-213.000031	0.000000	92.921082	-26.440329	18.925436	-0.364220	-0.198044	0.001405	-0.027976	-0.091073	-0.140359	-0.027486	-0.042983	-0.364220	-0.198044	0.098800
1.4900	144.514221	-20.709545	-85.104576	462.750031	-212.750031	0.000000	92.856827	-26.586081	19.029886	-0.365652	-0.198951	0.001408	-0.028029	-0.090709	-0.139929	-0.027396	-0.042873	-0.365652	-0.198951	0.098800
1.5000	145.442627	-20.975769	-84.914017	462.500031	-212.500031	0.000000	92.792496	-26.731359	19.133995	-0.367080	-0.199856	0.001410	-0.028081	-0.090346	-0.139499	-0.027306	-0.042763	-0.367080	-0.199856	0.098800
1.5100	146.370392	-21.243446	-84.722412	462.250031	-212.250031	0.000000	92.728096	-26.876169	19.237761	-0.368504	-0.200756	0.001413	-0.028131	-0.089983	-0.139069	-0.027216	-0.042652	-0.368504	-0.200756	0.098800
1.5200	147.297516	-21.512569	-84.529770	462.000031	-212.000031	0.000000	92.663628	-27.020506	19.341183	-0.369923	-0.201653	0.001415	-0.028180	-0.089619	-0.138639	-0.027126	-0.042542	-0.369923	-0.201653	0.098800
1.5300	148.223984	-21.783134	-84.336105	461.750031	-211.750031	0.000000	92.599098	-27.164371	19.444262	-0.371339	-0.202547	0.001417	-0.028227	-0.089255	-0.138209	-0.027037	-0.042431	-0.371339	-0.202547	0.098800
1.5400	149.149811	-22.055138	-84.141403	461.500031	-211.500031	0.000000	92.534508	-27.307766	19.546997	-0.372750	-0.203436	0.001419	-0.028273	-0.088892	-0.137776	-0.026947	-0.042321	-0.372750	-0.203436	0.098800
1.5500	150.074997	-22.328573	-83.945679	461.250031	-211.250031	0.000000	92.469856	-27.450689	19.649393	-0.374157	-0.204322	0.001421	-0.028317	-0.088528	-0.137343	-0.026857	-0.042210	-0.374157	-0.204322	0.098800
1.5600	150.999542	-22.603436	-83.748932	461.000031	-211.000031	0.000000	92.405144	-27.593143	19.751446	-0.375560	-0.205205	0.001423	-0.028361	-0.088165	-0.136911	-0.026767	-0.042099	-0.375560	-0.205205	0.098800
1.5700	151.923431	-22.879723	-83.551163	460.750031	-210.750031	0.000000	92.340378	-27.735128	19.853155	-0.376959	-0.206083	0.001425	-0.028402	-0.087802	-0.136479	-0.026677	-0.041988	-0.376959	-0.206083	0.098800
1.5800	152.846664	-23.157429	-83.352379	460.500031	-210.500031	0.000000	92.275558	-27.876644	19.954521	-0.378353	-0.206959	0.001427	-0.028443	-0.087438	-0.136046	-0.026587	-0.041877	-0.378353	-0.206959	0.098800
1.5900	153.769257	-23.436548	-83.152580	460.250031	-210.250031	0.000000	92.210693	-28.017691	20.055544	-0.379744	-0.207830	0.001429	-0.028482	-0.087074	-0.135613	-0.026497	-0.041766	-0.379744	-0.207830	0.098800
1.6000	154.691208	-23.717077	-82.951767	460.000031	-210.000031	0.000000	92.145782	-28.158268	20.156223	-0.381130	-0.208698	0.001430	-0.028519	-0.086709	-0.135176	-0.026406	-0.041654	-0.381130	-0.208698	0.098800
1.6100	155.612503	-23.999010	-82.749954	459.750031	-209.750031	0.000000	92.080826	-28.298380	20.256559	-0.382512	-0.209562	0.001432	-0.028555	-0.086344	-0.134741	-0.026316	-0.041543	-0.382512	-0.209562	0.098800
1.6200	156.533142	-24.282345	-82.547142	459.500031	-209.500031	0.000000	92.015831	-28.438023	20.356552	-0.383890	-0.210423	0.001434	-0.028590	-0.085979	-0.134305	-0.026226	-0.041431	-0.383890	-0.210423	0.098800
1.6300	157.453140	-24.567074	-82.343323	459.250031	-209.250031	0.000000	91.950790	-28.577200	20.456202	-0.385263	-0.211280	0.001435	-0.028624	-0.085614	-0.133868	-0.026136	-0.041320	-0.385263	-0.211280	0.098800
1.6400	158.372482	-24.853191	-82.138512	459.000031	-209.000031	0.000000	91.885719	-28.715910	20.555508	-0.386633	-0.212133	0.001437	-0.028656	-0.085248	-0.133431	-0.026046	-0.041208	-0.386633	-0.212133	0.098800
1.6500	159.291168	-25.140696	-81.932709	458.750031	-208.750031	0.000000	91.820618	-28.854153	20.654470	-0.387998	-0.212983	0.001438	-0.028686	-0.084883	-0.132991	-0.025956	-0.041096	-0.387998	-0.212983	0.098800
1.6600	160.209213	-25.429581	-81.725922	458.500031	-208.500031	0.000000	91.755486	-28.991930	20.753090	-0.389359	-0.213829	0.001439	-0.028715	-0.084518	-0.132553	-0.025865	-0.040984	-0.389359	-0.213829	0.098800
1.6700	161.126602	-25.719845	-81.518143	458.250031	-208.250031	0.000000	91.690323	-29.129242	20.851366	-0.390715	-0.214671	0.001440	-0.028743	-0.084153	-0.132114	-0.025775	-0.040872	-0.390715	-0.214671	0.098800
1.6800	162.043335	-26.011480	-81.309387	458.000031	-208.000031	0.000000	91.625130	-29.266092	20.949299	-0.392068	-0.215510	0.001442	-0.028770	-0.083788	-0.131673	-0.025685	-0.040759	-0.392068	-0.215510	0.098800
1.6900	162.959427	-26.304482	-81.099655	457.750031	-207.750031	0.000000	91.559921	-29.402477	21.046888	-0.393416	-0.216345	0.001443	-0.028795	-0.083422	-0.131232	-0.025594	-0.040647	-0.393416	-0.216345	0.098800
1.7000	163.874863	-26.598846	-80.888947	457.500031	-207.500031	0.000000	91.494690	-29.538399	21.144135	-0.394760	-0.217176	0.001444	-0.028819	-0.083057	-0.130790	-0.025504	-0.040534	-0.394760	-0.217176	0.098800
1.7100	164.789642	-26.894569	-80.677261	457.250031	-207.250031	0.000000	91.429436	-29.673857	21.241037	-0.396099	-0.218004	0.001445	-0.028841	-0.082691	-0.130346	-0.025414	-0.040422	-0.396099	-0.218004	0.098800
1.7200	165.703781	-27.191645	-80.464607	457.000031	-207.000031	0.000000	91.364166	-29.808851	21.337597	-0.397435	-0.218828	0.001445	-0.028862	-0.082326	-0.129904	-0.025323	-0.040309	-0.397435	-0.218828	0.098800
1.7300	166.617264	-27.490070	-80.250992	456.750031	-206.750031	0.000000	91.298889	-29.943384	21.433813	-0.398766	-0.219649	0.001446	-0.028881	-0.081961	-0.129462	-0.025233	-0.040196	-0.398766	-0.219649	0.098800
1.7400	167.530090	-27.789841	-80.036415	456.500031	-206.500031	0.000000	91.233597	-30.077456	21.529686	-0.400092	-0.220465	0.001447	-0.028899	-0.081596	-0.129019	-0.025143	-0.040083	-0.400092	-0.220465	0.098800
1.7500	168.442261	-28.090950	-79.820877	456.250031	-206.250031	0.000000	91.168304	-30.211065	21.625216	-0.401415	-0.221279	0.001448	-0.028916	-0.081230	-0.128574	-0.025052	-0.039970	-0.401415	-0.221279	0.098800
1.7600	169.353775	-28.393393	-79.604385	456.000031	-206.000031	0.000000	91.102997	-30.344213	21.720402	-0.402733	-0.222088	0.001448	-0.028931	-0.080863	-0.128127	-0.024962	-0.039856	-0.402733	-0.222088	0.098800
1.7700	170.264648	-28.697168	-79.386940	455.750031	-205.750031	0.000000	91.037689	-30.476900	21.815245	-0.404046	-0.222894	0.001449	-0.028945	-0.080497	-0.127681	-0.024872	-0.039743	-0.404046	-0.222894	0.098800
1.7800	171.174866	-29.002268	-79.168549	455.500031	-205.500031	0.000000	90.972382	-30.609127	21.909744	-0.405356	-0.223696	0.001449	-0.028958	-0.080131	-0.127234	-0.024781	-0.039629	-0.405356	-0.223696	0.098800
1.7900	172.084427	-29.308689	-78.949211	455.250031	-205.250031	0.000000	90.907074	-30.740894	22.003901	-0.406661	-0.224495	0.001450	-0.028969	-0.079765	-0.126785	-0.024691	-0.039516	-0.406661	-0.224495	0.098800
1.8000	172.993332	-29.616426	-78.728943	455.000031	-205.000031	0.000000	90.841774	-30.872204	22.097713	-0.407961	-0.225290	0.001450	-0.028979	-0.079399	-0.126337	-0.024600	-0.039402	-0.407961	-0.225290	0.098800
1.8100	173.901581	-29.925476	-78.507729	454.750031	-204.750046	0.000000	90.776482	-31.003052	22.191185	-0.409258	-0.226081	0.001450	-0.028988	-0.079033	-0.125888	-0.024510	-0.039288	-0.409258	-0.226081	0.098800
1.8200	174.809189	-30.235834	-78.285583	454.500031	-204.500046	0.000000	90.711197	-31.133442	22.284315	-0.410550	-0.226868	0.001450	-0.028995	-0.078667	-0.125439	-0.024419	-0.039174	-0.410550	-0.226868	0.098800
1.8300	175.716141	-30.547493	-78.062508	454.250031	-204.250046	0.000000	90.645927	-31.263374	22.377102	-0.411837	-0.227652	0.001451	-0.029000	-0.078301	-0.124988	-0.024329	-0.039059	-0.411837	-0.227652	0.098800
1.8400	176.622437	-30.860451	-77.838509	454.000031	-204.000046	0.000000	90.580673	-31.392849	22.469545	-0.413120	-0.228433	0.001451	-0.029005	-0.077935	-0.124536	-0.024238	-0.038945	-0.413120	-0.228433	0.098800
1.8500	177.528076	-31.174702	-77.613579	453.750031	-203.750046	0.000000	90.515434	-31.521866	22.561646	-0.414399	-0.229209	0.001451	-0.029008	-0.077569	-0.124083	-0.024148	-0.038830	-0.414399	-0.229209	0.098800
1.8600	178.433060	-31.490242	-77.387733	453.500031	-203.500046	0.000000	90.450211	-31.650429	22.653402	-0.415673	-0.229982	0.001451	-0.029010	-0.077203	-0.123629	-0.024058	-0.038715	-0.415673	-0.229982	0.098800
1.8700	179.337402	-31.807068	-77.160973	453.250031	-203.250046	0.000000	90.385010	-31.778534	22.744816	-0.416943	-0.230752	0.001450	-0.029010	-0.076836	-0.123174	-0.023967	-0.038601	-0.416943	-0.230752	0.098800
1.8800	180.241089	-32.125172	-76.933296	453.000031	-203.000046	0.000000	90.319832	-31.906183	22.835886	-0.418208	-0.231517	0.001450	-0.029009	-0.076470	-0.122720	-0.023877	-0.038485	-0.418208	-0.231517	0.098800
1.8900	181.144119	-32.444553	-76.704712	452.750031	-202.750046	0.000000	90.254684	-32.033379	22.926613	-0.419469	-0.232279	0.001450	-0.029007	-0.076103	-0.122266	-0.023786	-0.038370	-0.419469	-0.232279	0.098800
1.9000	182.046509	-32.765205	-76.475220	452.500031	-202.500046	0.000000	90.189568	-32.160118	23.016996	-0.420726	-0.233038	0.001449	-0.029003	-0.075737	-0.121811	-0.023696	-0.038255	-0.420726	-0.233038	0.098800
1.9100	182.948242	-33.087124	-76.244827	452.250031	-202.250046	0.000000	90.124481	-32.286400	23.107040	-0.421978	-0.233792	0.001449	-0.028998	-0.075371	-0.121354	-0.023605	-0.038139	-0.421978	-0.233792	0.098800
1.9200	183.849319	-33.410301	-76.013535	452.000031	-202.000046	0.000000	90.059425	-32.412231	23.196741	-0.423225	-0.234543	0.001449	-0.028991	-0.075006	-0.120896	-0.023515	-0.038024	-0.423225	-0.234543	0.098800
1.9300	184.749756	-33.734737	-75.781342	451.750031	-201.750046	0.000000	89.994408	-32.537605	23.286098	-0.424468	-0.235291	0.001448	-0.028983	-0.074641	-0.120439	-0.023424	-0.037908	-0.424468	-0.235291	0.098800
1.9400	185.649536	-34.060429	-75.548256	451.500031	-201.500046	0.000000	89.929428	-32.662529	23.375113	-0.425707	-0.236034	0.001447	-0.028974	-0.074274	-0.119980	-0.023334	-0.037792	-0.425707	-0.236034	0.098800
1.9500	186.548660	-34.387363	-75.314285	451.250031	-201.250046	0.000000	89.864494	-32.786999	23.463785	-0.426941	-0.236775	0.001447	-0.028964	-0.073908	-0.119520	-0.023243	-0.037676	-0.426941	-0.236775	0.098800
1.9600	187.447144	-34.715546	-75.079430	451.000031	-201.000046	0.000000	89.799599	-32.911015	23.552116	-0.428170	-0.237511	0.001446	-0.028952	-0.073541	-0.119060	-0.023153	-0.037560	-0.428170	-0.237511	0.098800
1.9700	188.344986	-35.044964	-74.843689	450.750061	-200.750046	0.000000	89.734749	-33.034580	23.640104	-0.429395	-0.238244	0.001445	-0.028939	-0.073175	-0.118598	-0.023062	-0.037443	-0.429395	-0.238244	0.098800
1.9800	189.242172	-35.375618	-74.607063	450.500061	-200.500046	0.000000	89.669945	-33.157692	23.727751	-0.430616	-0.238973	0.001444	-0.028924	-0.072809	-0.118134	-0.022972	-0.037327	-0.430616	-0.238973	0.098800
1.9900	190.138702	-35.707500	-74.369568	450.250061	-200.250046	0.000000	89.605194	-33.280354	23.815056	-0.431832	-0.239698	0.001443	-0.028908	-0.072442	-0.117671	-0.022882	-0.037210	-0.431832	-0.239698	0.098800
2.0000	191.034592	-36.040607	-74.131203	450.000061	-200.000046	0.000000	89.540497	-33.402561	23.902018	-0.433043	-0.240420	0.001442	-0.028891	-0.072075	-0.117206	-0.022791	-0.037093	-0.433043	-0.240420	0.098800
2.0100	191.929840	-36.374935	-73.891968	449.750031	-199.750046	0.000000	89.475861	-33.524319	23.988638	-0.434250	-0.241138	0.001441	-0.028872	-0.071709	-0.116740	-0.022701	-0.036976	-0.434250	-0.241138	0.098800
2.0200	192.824432	-36.710484	-73.651871	449.500031	-199.500031	0.000000	89.411270	-33.645626	24.074917	-0.435452	-0.241853	0.001440	-0.028852	-0.071344	-0.116275	-0.022610	-0.036858	-0.435452	-0.241853	0.098800
2.0300	193.718384	-37.047241	-73.410904	449.250031	-199.250031	0.000000	89.346741	-33.766483	24.160852	-0.436649	-0.242564	0.001439	-0.028831	-0.070980	-0.115809	-0.022520	-0.036741	-0.436649	-0.242564	0.098800
2.0400	194.611694	-37.385204	-73.169083	449.000031	-199.000031	0.000000	89.282272	-33.886894	24.246449	-0.437842	-0.243271	0.001437	-0.028808	-0.070615	-0.115341	-0.022430	-0.036623	-0.437842	-0.243271	0.098800
2.0500	195.504349	-37.724373	-72.926407	448.750031	-198.750015	0.000000	89.217880	-34.006855	24.331701	-0.439031	-0.243974	0.001436	-0.028784	-0.070249	-0.114873	-0.022339	-0.036506	-0.439031	-0.243974	0.098800
2.0600	196.396362	-38.064739	-72.682877	448.500000	-198.500015	0.000000	89.153549	-34.126366	24.416615	-0.440214	-0.244674	0.001435	-0.028759	-0.069882	-0.114403	-0.022249	-0.036388	-0.440214	-0.244674	0.098800
2.0700	197.287735	-38.406300	-72.438499	448.250000	-198.250000	0.000000	89.089287	-34.245426	24.501186	-0.441394	-0.245371	0.001433	-0.028732	-0.069517	-0.113935	-0.022159	-0.036270	-0.441394	-0.245371	0.098800
2.0800	198.178467	-38.749050	-72.193275	448.000000	-198.000000	0.000000	89.025093	-34.364040	24.585417	-0.442568	-0.246063	0.001432	-0.028704	-0.069151	-0.113465	-0.022068	-0.036151	-0.442568	-0.246063	0.098800
2.0900	199.068558	-39.092983	-71.947220	447.750000	-197.750000	0.000000	88.960976	-34.482204	24.669304	-0.443738	-0.246752	0.001430	-0.028675	-0.068786	-0.112993	-0.021978	-0.036033	-0.443738	-0.246752	0.098800
2.1000	199.958008	-39.438099	-71.700325	447.500000	-197.500000	0.000000	88.896935	-34.599922	24.752851	-0.444903	-0.247438	0.001428	-0.028644	-0.068421	-0.112520	-0.021888	-0.035914	-0.444903	-0.247438	0.098800
2.1100	200.846817	-39.784389	-71.452591	447.250000	-197.250000	0.000000	88.832977	-34.717194	24.836060	-0.446063	-0.248119	0.001426	-0.028612	-0.068056	-0.112047	-0.021797	-0.035796	-0.446063	-0.248119	0.098800
2.1200	201.734985	-40.131851	-71.204025	447.000000	-197.000000	0.000000	88.769096	-34.834019	24.918924	-0.447219	-0.248797	0.001425	-0.028579	-0.067692	-0.111573	-0.021707	-0.035677	-0.447219	-0.248797	0.098800
2.1300	202.622513	-40.480480	-70.954628	446.750000	-196.750000	0.000000	88.705299	-34.950397	25.001450	-0.448370	-0.249472	0.001423	-0.028544	-0.067326	-0.111099	-0.021617	-0.035557	-0.448370	-0.249472	0.098800
2.1400	203.509399	-40.830269	-70.704407	446.500000	-196.500000	0.000000	88.641586	-35.066330	25.083635	-0.449516	-0.250142	0.001421	-0.028508	-0.066961	-0.110623	-0.021527	-0.035438	-0.449516	-0.250142	0.098800
2.1500	204.395645	-41.181217	-70.453369	446.250000	-196.250000	0.000000	88.577965	-35.181816	25.165482	-0.450658	-0.250810	0.001419	-0.028471	-0.066595	-0.110148	-0.021436	-0.035319	-0.450658	-0.250810	0.098800
2.1600	205.281250	-41.533321	-70.201515	446.000000	-196.000000	0.000000	88.514435	-35.296860	25.246986	-0.451795	-0.251473	0.001417	-0.028433	-0.066229	-0.109670	-0.021346	-0.035199	-0.451795	-0.251473	0.098800
2.1700	206.166214	-41.886570	-69.948845	445.750000	-195.750000	0.000000	88.450996	-35.411457	25.328150	-0.452927	-0.252133	0.001414	-0.028393	-0.065864	-0.109190	-0.021256	-0.035079	-0.452927	-0.252133	0.098800
2.1800	207.050568	-42.240971	-69.695358	445.500000	-195.500000	0.000000	88.387650	-35.525612	25.408976	-0.454054	-0.252789	0.001412	-0.028352	-0.065498	-0.108710	-0.021166	-0.034959	-0.454054	-0.252789	0.098800
2.1900	207.934280	-42.596508	-69.441071	445.250000	-195.250000	0.000000	88.324394	-35.639320	25.489460	-0.455177	-0.253442	0.001410	-0.028309	-0.065134	-0.108229	-0.021076	-0.034839	-0.455177	-0.253442	0.098800
2.2000	208.817352	-42.953178	-69.185974	445.000000	-195.000000	0.000000	88.261246	-35.752586	25.569605	-0.456295	-0.254090	0.001408	-0.028265	-0.064770	-0.107748	-0.020986	-0.034718	-0.456295	-0.254090	0.098800
2.2100	209.699783	-43.310982	-68.930084	444.750000	-194.750000	0.000000	88.198196	-35.865410	25.649410	-0.457408	-0.254736	0.001405	-0.028220	-0.064406	-0.107267	-0.020896	-0.034598	-0.457408	-0.254736	0.098800
2.2200	210.581604	-43.669914	-68.673393	444.500000	-194.500000	0.000000	88.135246	-35.977787	25.728876	-0.458516	-0.255377	0.001403	-0.028174	-0.064041	-0.106783	-0.020806	-0.034477	-0.458516	-0.255377	0.098800
2.2300	211.462784	-44.029968	-68.415909	444.250000	-194.250000	0.000000	88.072403	-36.089722	25.808002	-0.459619	-0.256015	0.001400	-0.028126	-0.063677	-0.106298	-0.020715	-0.034356	-0.459619	-0.256015	0.098800
2.2400	212.343353	-44.391140	-68.157631	444.000000	-194.000000	0.000000	88.009666	-36.201214	25.886789	-0.460718	-0.256650	0.001398	-0.028077	-0.063314	-0.105813	-0.020625	-0.034234	-0.460718	-0.256650	0.098800
2.2500	213.223282	-44.753426	-67.898575	443.750000	-193.750000	0.000000	87.947044	-36.312263	25.965237	-0.461811	-0.257280	0.001395	-0.028027	-0.062950	-0.105328	-0.020535	-0.034113	-0.461811	-0.257280	0.098800
2.2600	214.102585	-45.116821	-67.638725	443.500000	-193.500000	0.000000	87.884529	-36.422874	26.043348	-0.462900	-0.257908	0.001392	-0.027975	-0.062586	-0.104842	-0.020445	-0.033991	-0.462900	-0.257908	0.098800
2.2700	214.981262	-45.481319	-67.378098	443.250000	-193.250000	0.000000	87.822136	-36.533043	26.121120	-0.463984	-0.258531	0.001389	-0.027922	-0.062222	-0.104354	-0.020356	-0.033870	-0.463984	-0.258531	0.098800
2.2800	215.859329	-45.846920	-67.116692	443.000000	-193.000000	0.000000	87.759850	-36.642773	26.198553	-0.465063	-0.259151	0.001386	-0.027868	-0.061858	-0.103866	-0.020266	-0.033748	-0.465063	-0.259151	0.098800
2.2900	216.736755	-46.213615	-66.854523	442.750000	-192.750000	0.000000	87.697685	-36.752060	26.275646	-0.466138	-0.259767	0.001383	-0.027812	-0.061494	-0.103377	-0.020176	-0.033625	-0.466138	-0.259767	0.098800
2.3000	217.613571	-46.581406	-66.591576	442.500000	-192.500000	0.000000	87.635643	-36.860905	26.352404	-0.467207	-0.260380	0.001381	-0.027755	-0.061130	-0.102884	-0.020086	-0.033503	-0.467207	-0.260380	0.098800
2.3100	218.489761	-46.950279	-66.327866	442.250000	-192.250000	0.000000	87.573723	-36.969311	26.428822	-0.468271	-0.260989	0.001377	-0.027697	-0.060767	-0.102392	-0.019996	-0.033380	-0.468271	-0.260989	0.098800
2.3200	219.365326	-47.320236	-66.063393	442.000000	-192.000000	0.000000	87.511925	-37.077278	26.504902	-0.469331	-0.261594	0.001374	-0.027638	-0.060404	-0.101898	-0.019906	-0.033258	-0.469331	-0.261594	0.098800
2.3300	220.240280	-47.691273	-65.798157	441.750000	-191.750000	0.000000	87.450264	-37.184803	26.580645	-0.470385	-0.262196	0.001371	-0.027577	-0.060041	-0.101403	-0.019816	-0.033135	-0.470385	-0.262196	0.098800
2.3400	221.114624	-48.063385	-65.532166	441.500000	-191.500000	0.000000	87.388725	-37.291889	26.656050	-0.471435	-0.262794	0.001368	-0.027516	-0.059678	-0.100909	-0.019727	-0.033011	-0.471435	-0.262794	0.098800
2.3500	221.988358	-48.436565	-65.265419	441.250000	-191.250000	0.000000	87.327324	-37.398537	26.731117	-0.472479	-0.263388	0.001364	-0.027452	-0.059316	-0.100413	-0.019637	-0.032888	-0.472479	-0.263388	0.098800
2.3600	222.861465	-48.810810	-64.997917	441.000000	-191.000000	0.000000	87.266052	-37.504742	26.805847	-0.473519	-0.263979	0.001361	-0.027388	-0.058954	-0.099918	-0.019547	-0.032764	-0.473519	-0.263979	0.098800
2.3700	223.733963	-49.186115	-64.729683	440.750000	-190.750000	0.000000	87.204918	-37.610512	26.880239	-0.474554	-0.264567	0.001358	-0.027322	-0.058591	-0.099420	-0.019457	-0.032641	-0.474554	-0.264567	0.098800
2.3800	224.605850	-49.562481	-64.460701	440.500000	-190.500000	0.000000	87.143921	-37.715839	26.954296	-0.475583	-0.265150	0.001354	-0.027254	-0.058229	-0.098922	-0.019368	-0.032517	-0.475583	-0.265150	0.098800
2.3900	225.477127	-49.939896	-64.190971	440.250000	-190.250000	0.000000	87.083069	-37.820732	27.028015	-0.476608	-0.265730	0.001351	-0.027186	-0.057866	-0.098422	-0.019278	-0.032392	-0.476608	-0.265730	0.098800
2.4000	226.347794	-50.318359	-63.920513	440.000000	-190.000000	0.000000	87.022362	-37.925190	27.101398	-0.477627	-0.266307	0.001347	-0.027116	-0.057503	-0.097921	-0.019189	-0.032268	-0.477627	-0.266307	0.098800
2.4100	227.217850	-50.697865	-63.649323	439.750000	-189.750000	0.000000	86.961792	-38.029205	27.174444	-0.478642	-0.266879	0.001343	-0.027045	-0.057141	-0.097420	-0.019099	-0.032143	-0.478642	-0.266879	0.098800
2.4200	228.087311	-51.078411	-63.377399	439.500000	-189.500000	0.000000	86.901375	-38.132786	27.247154	-0.479651	-0.267449	0.001339	-0.026973	-0.056778	-0.096916	-0.019009	-0.032018	-0.479651	-0.267449	0.098800
2.4300	228.956161	-51.459991	-63.104752	439.250000	-189.250000	0.000000	86.841110	-38.235931	27.319529	-0.480656	-0.268014	0.001336	-0.026900	-0.056417	-0.096410	-0.018920	-0.031893	-0.480656	-0.268014	0.098800
2.4400	229.824417	-51.842609	-62.831375	439.000000	-189.000000	0.000000	86.780998	-38.338638	27.391569	-0.481655	-0.268576	0.001332	-0.026825	-0.056056	-0.095904	-0.018831	-0.031768	-0.481655	-0.268576	0.098800
2.4500	230.692062	-52.226246	-62.557281	438.750000	-188.750000	0.000000	86.721039	-38.440907	27.463272	-0.482649	-0.269135	0.001328	-0.026749	-0.055695	-0.095396	-0.018741	-0.031642	-0.482649	-0.269135	0.098800
2.4600	231.559113	-52.610905	-62.282471	438.500000	-188.500000	0.000000	86.661232	-38.542740	27.534637	-0.483639	-0.269689	0.001324	-0.026672	-0.055334	-0.094888	-0.018652	-0.031517	-0.483639	-0.269689	0.098800
2.4700	232.425568	-52.996582	-62.006950	438.250000	-188.250000	0.000000	86.601578	-38.644138	27.605669	-0.484623	-0.270241	0.001320	-0.026593	-0.054973	-0.094380	-0.018562	-0.031391	-0.484623	-0.270241	0.098800
2.4800	233.291428	-53.383274	-61.730721	438.000000	-188.000000	0.000000	86.542084	-38.745102	27.676365	-0.485601	-0.270788	0.001315	-0.026513	-0.054612	-0.093871	-0.018473	-0.031264	-0.485601	-0.270788	0.098800
2.4900	234.156693	-53.770973	-61.453785	437.750000	-187.750000	0.000000	86.482750	-38.845627	27.746725	-0.486575	-0.271332	0.001311	-0.026432	-0.054251	-0.093361	-0.018384	-0.031138	-0.486575	-0.271332	0.098800
2.5000	235.021362	-54.159676	-61.176147	437.500000	-187.500000	0.000000	86.423584	-38.945717	27.816751	-0.487544	-0.271872	0.001307	-0.026349	-0.053890	-0.092850	-0.018294	-0.031011	-0.487544	-0.271872	0.098800
2.5100	235.885437	-54.549377	-60.897808	437.250000	-187.250000	0.000000	86.364586	-39.045368	27.886442	-0.488507	-0.272409	0.001303	-0.026266	-0.053530	-0.092337	-0.018205	-0.030884	-0.488507	-0.272409	0.098800
2.5200	236.748932	-54.940075	-60.618774	437.000000	-187.000000	0.000000	86.305756	-39.144585	27.955797	-0.489465	-0.272942	0.001298	-0.026181	-0.053169	-0.091822	-0.018116	-0.030757	-0.489465	-0.272942	0.098800
2.5300	237.611832	-55.331764	-60.339046	436.750000	-186.750000	0.000000	86.247093	-39.243366	28.024818	-0.490418	-0.273472	0.001294	-0.026095	-0.052809	-0.091307	-0.018027	-0.030630	-0.490418	-0.273472	0.098800
2.5400	238.474136	-55.724438	-60.058628	436.500000	-186.500000	0.000000	86.188606	-39.341713	28.093506	-0.491366	-0.273998	0.001289	-0.026007	-0.052449	-0.090790	-0.017938	-0.030502	-0.491366	-0.273998	0.098800
2.5500	239.335861	-56.118095	-59.777523	436.250000	-186.250000	0.000000	86.130287	-39.439625	28.161860	-0.492308	-0.274520	0.001285	-0.025919	-0.052090	-0.090273	-0.017849	-0.030375	-0.492308	-0.274520	0.098800
2.5600	240.197006	-56.512730	-59.495739	436.000000	-186.000000	0.000000	86.072151	-39.537102	28.229879	-0.493245	-0.275039	0.001280	-0.025829	-0.051729	-0.089754	-0.017759	-0.030247	-0.493245	-0.275039	0.098800
2.5700	241.057571	-56.908337	-59.213276	435.750000	-185.750000	0.000000	86.014183	-39.634148	28.297564	-0.494177	-0.275555	0.001275	-0.025738	-0.051370	-0.089235	-0.017670	-0.030118	-0.494177	-0.275555	0.098800
2.5800	241.917557	-57.304913	-58.930138	435.500000	-185.500000	0.000000	85.956398	-39.730759	28.364916	-0.495104	-0.276066	0.001271	-0.025645	-0.051010	-0.088715	-0.017581	-0.029990	-0.495104	-0.276066	0.098800
2.5900	242.776962	-57.702457	-58.646324	435.250000	-185.250000	0.000000	85.898796	-39.826939	28.431936	-0.496026	-0.276574	0.001266	-0.025552	-0.050651	-0.088193	-0.017492	-0.029861	-0.496026	-0.276574	0.098800
2.6000	243.635788	-58.100960	-58.361843	435.000000	-185.000000	0.000000	85.841377	-39.922684	28.498621	-0.496942	-0.277079	0.001261	-0.025457	-0.050293	-0.087670	-0.017404	-0.029732	-0.496942	-0.277079	0.098800
2.6100	244.494049	-58.500420	-58.076694	434.750000	-184.750000	0.000000	85.784149	-40.017994	28.564974	-0.497853	-0.277580	0.001256	-0.025361	-0.049934	-0.087145	-0.017315	-0.029603	-0.497853	-0.277580	0.098800
2.6200	245.351746	-58.900829	-57.790882	434.500000	-184.500000	0.000000	85.727112	-40.112869	28.630995	-0.498758	-0.278077	0.001251	-0.025264	-0.049575	-0.086618	-0.017226	-0.029473	-0.498758	-0.278077	0.098800
2.6300	246.208862	-59.302189	-57.504414	434.250000	-184.250000	0.000000	85.670265	-40.207310	28.696680	-0.499658	-0.278571	0.001246	-0.025165	-0.049216	-0.086090	-0.017137	-0.029344	-0.499658	-0.278571	0.098800
2.6400	247.065399	-59.704494	-57.217289	434.000000	-184.000000	0.000000	85.613609	-40.301319	28.762033	-0.500553	-0.279061	0.001241	-0.025065	-0.048858	-0.085563	-0.017048	-0.029214	-0.500553	-0.279061	0.098800
2.6500	247.921387	-60.107738	-56.929508	433.750000	-183.750000	0.000000	85.557152	-40.394897	28.827055	-0.501442	-0.279548	0.001235	-0.024964	-0.048500	-0.085034	-0.016960	-0.029083	-0.501442	-0.279548	0.098800
2.6600	248.776794	-60.511913	-56.641079	433.500000	-183.500000	0.000000	85.500885	-40.488041	28.891745	-0.502326	-0.280031	0.001230	-0.024862	-0.048142	-0.084503	-0.016871	-0.028953	-0.502326	-0.280031	0.098800
2.6700	249.631653	-60.917019	-56.352005	433.250000	-183.250000	0.000000	85.444817	-40.580750	28.956102	-0.503205	-0.280510	0.001225	-0.024758	-0.047783	-0.083971	-0.016782	-0.028822	-0.503205	-0.280510	0.098800
2.6800	250.485962	-61.323051	-56.062290	433.000000	-183.000000	0.000000	85.388954	-40.673027	29.020128	-0.504078	-0.280986	0.001219	-0.024653	-0.047425	-0.083437	-0.016694	-0.028691	-0.504078	-0.280986	0.098800
2.6900	251.339706	-61.730011	-55.771931	432.750000	-182.750000	0.000000	85.333298	-40.764870	29.083824	-0.504946	-0.281458	0.001214	-0.024547	-0.047067	-0.082906	-0.016605	-0.028560	-0.504946	-0.281458	0.098800
2.7000	252.192886	-62.137882	-55.480938	432.500000	-182.500000	0.000000	85.277840	-40.856281	29.147186	-0.505808	-0.281927	0.001208	-0.024440	-0.046711	-0.082372	-0.016516	-0.028429	-0.505808	-0.281927	0.098800
2.7100	253.045517	-62.546669	-55.189312	432.250000	-182.250000	0.000000	85.222595	-40.947258	29.210218	-0.506665	-0.282392	0.001203	-0.024332	-0.046353	-0.081836	-0.016428	-0.028297	-0.506665	-0.282392	0.098800
2.7200	253.897598	-62.956360	-54.897057	432.000000	-182.000000	0.000000	85.167549	-41.037804	29.272921	-0.507516	-0.282854	0.001197	-0.024222	-0.045997	-0.081297	-0.016339	-0.028165	-0.507516	-0.282854	0.098800
2.7300	254.749130	-63.366959	-54.604172	431.750000	-181.750000	0.000000	85.112717	-41.127918	29.335291	-0.508362	-0.283312	0.001192	-0.024111	-0.045640	-0.080758	-0.016251	-0.028033	-0.508362	-0.283312	0.098800
2.7400	255.600113	-63.778458	-54.310669	431.500000	-181.500000	0.000000	85.058098	-41.217598	29.397331	-0.509202	-0.283767	0.001186	-0.023999	-0.045283	-0.080217	-0.016162	-0.027900	-0.509202	-0.283767	0.098800
2.7500	256.450531	-64.190849	-54.016544	431.250000	-181.250000	0.000000	85.003693	-41.306847	29.459042	-0.510037	-0.284218	0.001180	-0.023886	-0.044926	-0.079674	-0.016074	-0.027767	-0.510037	-0.284218	0.098800
2.7600	257.300415	-64.604134	-53.721802	431.000000	-181.000000	0.000000	84.949509	-41.395660	29.520420	-0.510866	-0.284665	0.001174	-0.023772	-0.044569	-0.079131	-0.015986	-0.027634	-0.510866	-0.284665	0.098800
2.7700	258.149750	-65.018303	-53.426449	430.750000	-180.750000	0.000000	84.895546	-41.484043	29.581469	-0.511690	-0.285109	0.001168	-0.023656	-0.044212	-0.078585	-0.015897	-0.027501	-0.511690	-0.285109	0.098800
2.7800	258.998566	-65.433357	-53.130486	430.500000	-180.500000	0.000000	84.841805	-41.571995	29.642187	-0.512508	-0.285549	0.001162	-0.023539	-0.043856	-0.078039	-0.015809	-0.027367	-0.512508	-0.285549	0.098800
2.7900	259.846832	-65.849297	-52.833916	430.250000	-180.250000	0.000000	84.788284	-41.659512	29.702576	-0.513320	-0.285986	0.001156	-0.023421	-0.043499	-0.077490	-0.015721	-0.027234	-0.513320	-0.285986	0.098800
2.8000	260.694580	-66.266106	-52.536743	430.000000	-180.000000	0.000000	84.734985	-41.746597	29.762634	-0.514127	-0.286419	0.001150	-0.023302	-0.043144	-0.076942	-0.015633	-0.027099	-0.514127	-0.286419	0.098800
2.8100	261.541779	-66.683784	-52.238972	429.750000	-179.750000	0.000000	84.681915	-41.833248	29.822365	-0.514928	-0.286849	0.001144	-0.023181	-0.042791	-0.076392	-0.015545	-0.026965	-0.514928	-0.286849	0.098800
2.8200	262.388458	-67.102325	-51.940601	429.500000	-179.500000	0.000000	84.629074	-41.919468	29.881765	-0.515724	-0.287275	0.001138	-0.023059	-0.042435	-0.075842	-0.015456	-0.026830	-0.515724	-0.287275	0.098800
2.8300	263.234619	-67.521729	-51.641640	429.250000	-179.250000	0.000000	84.576462	-42.005257	29.940838	-0.516514	-0.287698	0.001131	-0.022936	-0.042080	-0.075291	-0.015368	-0.026695	-0.516514	-0.287698	0.098800
2.8400	264.080231	-67.941994	-51.342087	429.000000	-179.000000	0.000000	84.524086	-42.090611	29.999580	-0.517298	-0.288117	0.001125	-0.022812	-0.041724	-0.074737	-0.015280	-0.026560	-0.517298	-0.288117	0.098800
2.8500	264.925323	-68.363113	-51.041950	428.750000	-178.750000	0.000000	84.471947	-42.175533	30.057995	-0.518077	-0.288532	0.001118	-0.022686	-0.041369	-0.074182	-0.015192	-0.026425	-0.518077	-0.288532	0.098800
2.8600	265.769897	-68.785072	-50.741226	428.500000	-178.500000	0.000000	84.420036	-42.260025	30.116081	-0.518850	-0.288944	0.001112	-0.022560	-0.041014	-0.073625	-0.015104	-0.026289	-0.518850	-0.288944	0.098800
2.8700	266.613953	-69.207878	-50.439922	428.250000	-178.250000	0.000000	84.368370	-42.344082	30.173838	-0.519617	-0.289353	0.001105	-0.022432	-0.040659	-0.073066	-0.015016	-0.026153	-0.519617	-0.289353	0.098800
2.8800	267.457489	-69.631523	-50.138046	428.000000	-178.000000	0.000000	84.316948	-42.427708	30.231266	-0.520378	-0.289758	0.001099	-0.022303	-0.040304	-0.072504	-0.014929	-0.026017	-0.520378	-0.289758	0.098800
2.8900	268.300507	-70.056000	-49.835594	427.750000	-177.750000	0.000000	84.265770	-42.510902	30.288366	-0.521134	-0.290159	0.001092	-0.022173	-0.039949	-0.071943	-0.014841	-0.025880	-0.521134	-0.290159	0.098800
2.9000	269.143036	-70.481308	-49.532570	427.500000	-177.500000	0.000000	84.214836	-42.593662	30.345139	-0.521884	-0.290557	0.001085	-0.022042	-0.039595	-0.071380	-0.014753	-0.025743	-0.521884	-0.290557	0.098800
2.9100	269.985046	-70.907448	-49.228981	427.250000	-177.250000	0.000000	84.164146	-42.675987	30.401585	-0.522628	-0.290951	0.001079	-0.021909	-0.039241	-0.070818	-0.014665	-0.025606	-0.522628	-0.290951	0.098800
2.9200	270.826538	-71.334404	-48.924828	427.000000	-177.000000	0.000000	84.113701	-42.757881	30.457703	-0.523366	-0.291342	0.001072	-0.021775	-0.038888	-0.070255	-0.014577	-0.025469	-0.523366	-0.291342	0.098800
2.9300	271.667542	-71.762184	-48.620113	426.750000	-176.750000	0.000000	84.063507	-42.839344	30.513494	-0.524099	-0.291729	0.001065	-0.021640	-0.038534	-0.069688	-0.014490	-0.025331	-0.524099	-0.291729	0.098800
2.9400	272.508057	-72.190773	-48.314842	426.500000	-176.500000	0.000000	84.013565	-42.920372	30.568958	-0.524825	-0.292113	0.001058	-0.021504	-0.038181	-0.069121	-0.014402	-0.025193	-0.524825	-0.292113	0.098800
2.9500	273.348083	-72.620178	-48.009014	426.250000	-176.250000	0.000000	83.963875	-43.000969	30.624094	-0.525546	-0.292493	0.001051	-0.021367	-0.037828	-0.068553	-0.014314	-0.025054	-0.525546	-0.292493	0.098800
2.9600	274.187592	-73.050385	-47.702637	426.000000	-176.000000	0.000000	83.914444	-43.081131	30.678904	-0.526261	-0.292870	0.001044	-0.021228	-0.037477	-0.067985	-0.014227	-0.024916	-0.526261	-0.292870	0.098800
2.9700	275.026611	-73.481392	-47.395718	425.750000	-175.750000	0.000000	83.865273	-43.160858	30.733387	-0.526970	-0.293243	0.001037	-0.021089	-0.037124	-0.067412	-0.014139	-0.024777	-0.526970	-0.293243	0.098800
2.9800	275.865112	-73.913193	-47.088253	425.500000	-175.500000	0.000000	83.816360	-43.240154	30.787542	-0.527673	-0.293613	0.001030	-0.020948	-0.036772	-0.066839	-0.014052	-0.024637	-0.527673	-0.293613	0.098800
2.9900	276.703125	-74.345787	-46.780247	425.250000	-175.250000	0.000000	83.767708	-43.319016	30.841373	-0.528370	-0.293979	0.001022	-0.020806	-0.036420	-0.066259	-0.013964	-0.024498	-0.528370	-0.293979	0.098800
3.0000	277.540680	-74.779175	-46.471703	425.000000	-175.000000	0.000000	83.719315	-43.397442	30.894876	-0.529061	-0.294342	0.001015	-0.020664	-0.036067	-0.065679	-0.013877	-0.024358	-0.529061	-0.294342	0.098800
3.0100	278.377747	-75.213341	-46.162624	424.750000	-174.750000	0.000000	83.671196	-43.475433	30.948055	-0.529747	-0.294701	0.001008	-0.020519	-0.035714	-0.065098	-0.013789	-0.024218	-0.529747	-0.294701	0.098800
3.0200	279.214325	-75.648285	-45.853016	424.500000	-174.500000	0.000000	83.623337	-43.552990	31.000906	-0.530426	-0.295056	0.001000	-0.020374	-0.035361	-0.064516	-0.013702	-0.024077	-0.530426	-0.295056	0.098800
3.0300	280.050446	-76.084000	-45.542877	424.250000	-174.250000	0.000000	83.575752	-43.630112	31.053432	-0.531099	-0.295408	0.000993	-0.020227	-0.035008	-0.063934	-0.013614	-0.023937	-0.531099	-0.295408	0.098800
3.0400	280.886078	-76.520485	-45.232216	424.000000	-174.000000	0.000000	83.528442	-43.706799	31.105635	-0.531766	-0.295757	0.000985	-0.020079	-0.034656	-0.063352	-0.013527	-0.023795	-0.531766	-0.295757	0.098800
3.0500	281.721222	-76.957741	-44.921032	423.750000	-173.750000	0.000000	83.481407	-43.783051	31.157509	-0.532427	-0.296102	0.000978	-0.019930	-0.034304	-0.062770	-0.013440	-0.023654	-0.532427	-0.296102	0.098800
3.0600	282.555908	-77.395760	-44.609329	423.500000	-173.500000	0.000000	83.434647	-43.858868	31.209059	-0.533082	-0.296443	0.000970	-0.019779	-0.033952	-0.062183	-0.013352	-0.023512	-0.533082	-0.296443	0.098800
3.0700	283.390137	-77.834526	-44.297115	423.250000	-173.250000	0.000000	83.388161	-43.934250	31.260284	-0.533731	-0.296782	0.000962	-0.019628	-0.033599	-0.061596	-0.013265	-0.023370	-0.533731	-0.296782	0.098800
3.0800	284.223877	-78.274055	-43.984390	423.000000	-173.000000	0.000000	83.341949	-44.009197	31.311186	-0.534374	-0.297116	0.000955	-0.019475	-0.033247	-0.061009	-0.013178	-0.023228	-0.534374	-0.297116	0.098800
3.0900	285.057190	-78.714333	-43.671158	422.750000	-172.750000	0.000000	83.296021	-44.083710	31.361763	-0.535011	-0.297447	0.000947	-0.019321	-0.032897	-0.060416	-0.013091	-0.023085	-0.535011	-0.297447	0.098800
3.1000	285.890015	-79.155350	-43.357422	422.500000	-172.500000	0.000000	83.250374	-44.157787	31.412014	-0.535642	-0.297775	0.000939	-0.019167	-0.032547	-0.059820	-0.013003	-0.022942	-0.535642	-0.297775	0.098800
3.1100	286.722412	-79.597107	-43.043182	422.250000	-172.250000	0.000000	83.205017	-44.231426	31.461941	-0.536266	-0.298099	0.000931	-0.019011	-0.032197	-0.059222	-0.012916	-0.022799	-0.536266	-0.298099	0.098800
3.1200	287.554321	-80.039604	-42.728443	422.000000	-172.000000	0.000000	83.159943	-44.304626	31.511543	-0.536885	-0.298419	0.000923	-0.018854	-0.031848	-0.058627	-0.012829	-0.022655	-0.536885	-0.298419	0.098800
3.1300	288.385803	-80.482826	-42.413208	421.750000	-171.750000	0.000000	83.115158	-44.377392	31.560822	-0.537497	-0.298736	0.000915	-0.018695	-0.031497	-0.058027	-0.012742	-0.022511	-0.537497	-0.298736	0.098800
3.1400	289.216858	-80.926773	-42.097481	421.500000	-171.500000	0.000000	83.070663	-44.449722	31.609776	-0.538103	-0.299050	0.000907	-0.018535	-0.031145	-0.057426	-0.012655	-0.022366	-0.538103	-0.299050	0.098800
3.1500	290.047424	-81.371445	-41.781265	421.250000	-171.250000	0.000000	83.026459	-44.521610	31.658407	-0.538702	-0.299360	0.000898	-0.018375	-0.030794	-0.056827	-0.012568	-0.022222	-0.538702	-0.299360	0.098800
3.1600	290.877563	-81.816833	-41.464565	421.000000	-171.000000	0.000000	82.982552	-44.593063	31.706715	-0.539296	-0.299666	0.000890	-0.018212	-0.030442	-0.056224	-0.012481	-0.022077	-0.539296	-0.299666	0.098800
3.1700	291.707275	-82.262939	-41.147381	420.750000	-170.750000	0.000000	82.938942	-44.664074	31.754698	-0.539883	-0.299969	0.000882	-0.018049	-0.030091	-0.055617	-0.012394	-0.021931	-0.539883	-0.299969	0.098800
3.1800	292.536560	-82.709747	-40.829716	420.500000	-170.500000	0.000000	82.895622	-44.734650	31.802357	-0.540464	-0.300269	0.000874	-0.017885	-0.029740	-0.055007	-0.012307	-0.021785	-0.540464	-0.300269	0.098800
3.1900	293.365417	-83.157265	-40.511578	420.250000	-170.250000	0.000000	82.852608	-44.804783	31.849693	-0.541039	-0.300565	0.000865	-0.017720	-0.029387	-0.054397	-0.012220	-0.021639	-0.541039	-0.300565	0.098800
3.2000	294.193848	-83.605476	-40.192966	420.000000	-170.000000	0.000000	82.809898	-44.874481	31.896708	-0.541607	-0.300858	0.000857	-0.017553	-0.029037	-0.053788	-0.012133	-0.021493	-0.541607	-0.300858	0.098800
3.2100	295.021851	-84.054398	-39.873882	419.750000	-169.750000	0.000000	82.767494	-44.943737	31.943398	-0.542169	-0.301147	0.000848	-0.017386	-0.028689	-0.053178	-0.012046	-0.021346	-0.542169	-0.301147	0.098800
3.2200	295.849426	-84.503998	-39.554337	419.500000	-169.500000	0.000000	82.725395	-45.012550	31.989765	-0.542724	-0.301432	0.000840	-0.017217	-0.028339	-0.052565	-0.011960	-0.021199	-0.542724	-0.301432	0.098800
3.2300	296.676575	-84.954285	-39.234325	419.250000	-169.250000	0.000000	82.683601	-45.080929	32.035809	-0.543273	-0.301714	0.000831	-0.017047	-0.027989	-0.051952	-0.011873	-0.021052	-0.543273	-0.301714	0.098800
3.2400	297.503296	-85.405258	-38.913857	419.000000	-169.000000	0.000000	82.642113	-45.148865	32.081528	-0.543816	-0.301993	0.000822	-0.016876	-0.027639	-0.051335	-0.011786	-0.020904	-0.543816	-0.301993	0.098800
3.2500	298.329590	-85.856911	-38.592930	418.750000	-168.750000	0.000000	82.600937	-45.216358	32.126926	-0.544353	-0.302268	0.000814	-0.016704	-0.027289	-0.050714	-0.011699	-0.020755	-0.544353	-0.302268	0.098800
3.2600	299.155487	-86.309235	-38.271553	418.500000	-168.500000	0.000000	82.560074	-45.283409	32.172005	-0.544882	-0.302539	0.000805	-0.016531	-0.026937	-0.050085	-0.011612	-0.020607	-0.544882	-0.302539	0.098800
3.2700	299.980988	-86.762230	-37.949726	418.250000	-168.250000	0.000000	82.519524	-45.350018	32.216759	-0.545406	-0.302808	0.000796	-0.016356	-0.026587	-0.049454	-0.011526	-0.020458	-0.545406	-0.302808	0.098800
3.2800	300.806061	-87.215897	-37.627453	418.000000	-168.000000	0.000000	82.479294	-45.416183	32.261189	-0.545922	-0.303072	0.000787	-0.016180	-0.026237	-0.048823	-0.011439	-0.020308	-0.545922	-0.303072	0.098800
3.2900	301.630737	-87.670219	-37.304737	417.750000	-167.750000	0.000000	82.439377	-45.481907	32.305298	-0.546432	-0.303333	0.000778	-0.016003	-0.025888	-0.048192	-0.011352	-0.020158	-0.546432	-0.303333	0.098800
3.3000	302.455017	-88.125198	-36.981579	417.500000	-167.500000	0.000000	82.399788	-45.547184	32.349087	-0.546936	-0.303591	0.000769	-0.015824	-0.025539	-0.047559	-0.011265	-0.020008	-0.546936	-0.303591	0.098800
3.3100	303.278900	-88.580826	-36.657982	417.250000	-167.250000	0.000000	82.360519	-45.612015	32.392551	-0.547433	-0.303845	0.000760	-0.015644	-0.025189	-0.046923	-0.011179	-0.019857	-0.547433	-0.303845	0.098800
3.3200	304.102386	-89.037102	-36.333950	417.000000	-167.000000	0.000000	82.321571	-45.676403	32.435692	-0.547923	-0.304096	0.000750	-0.015463	-0.024838	-0.046286	-0.011092	-0.019706	-0.547923	-0.304096	0.098800
3.3300	304.925507	-89.494019	-36.009491	416.750000	-166.750000	0.000000	82.282951	-45.740345	32.478512	-0.548407	-0.304343	0.000741	-0.015280	-0.024486	-0.045648	-0.011005	-0.019555	-0.548407	-0.304343	0.098800
3.3400	305.748230	-89.951569	-35.684605	416.500000	-166.500000	0.000000	82.244659	-45.803841	32.521011	-0.548884	-0.304586	0.000732	-0.015096	-0.024136	-0.045012	-0.010919	-0.019403	-0.548884	-0.304586	0.098800
3.3500	306.570587	-90.409760	-35.359291	416.250000	-166.250000	0.000000	82.206703	-45.866890	32.563190	-0.549354	-0.304827	0.000722	-0.014911	-0.023786	-0.044375	-0.010832	-0.019251	-0.549354	-0.304827	0.098800
3.3600	307.392548	-90.868576	-35.033558	416.000000	-166.000000	0.000000	82.169067	-45.929489	32.605049	-0.549818	-0.305063	0.000713	-0.014725	-0.023437	-0.043739	-0.010745	-0.019099	-0.549818	-0.305063	0.098800
3.3700	308.214142	-91.328018	-34.707409	415.750000	-165.750000	0.000000	82.131767	-45.991642	32.646584	-0.550275	-0.305297	0.000703	-0.014538	-0.023088	-0.043097	-0.010659	-0.018946	-0.550275	-0.305297	0.098800
3.3800	309.035339	-91.788086	-34.380840	415.500000	-165.500000	0.000000	82.094803	-46.053345	32.687794	-0.550726	-0.305526	0.000694	-0.014350	-0.022739	-0.042451	-0.010572	-0.018792	-0.550726	-0.305526	0.098800
3.3900	309.856171	-92.248772	-34.053864	415.250000	-165.250000	0.000000	82.058174	-46.114597	32.728683	-0.551169	-0.305752	0.000684	-0.014161	-0.022387	-0.041794	-0.010485	-0.018638	-0.551169	-0.305752	0.098800
3.4000	310.676636	-92.710068	-33.726479	415.000000	-165.000000	0.000000	82.021896	-46.175400	32.769253	-0.551606	-0.305975	0.000675	-0.013972	-0.022033	-0.041130	-0.010399	-0.018484	-0.551606	-0.305975	0.098800
3.4100	311.496735	-93.171974	-33.398689	414.750000	-164.750000	0.000000	81.985954	-46.235752	32.809502	-0.552036	-0.306194	0.000665	-0.013781	-0.021682	-0.040465	-0.010312	-0.018329	-0.552036	-0.306194	0.098800
3.4200	312.316498	-93.634476	-33.070499	414.500000	-164.500000	0.000000	81.950356	-46.295650	32.849430	-0.552458	-0.306410	0.000655	-0.013589	-0.021330	-0.039799	-0.010225	-0.018174	-0.552458	-0.306410	0.098800
3.4300	313.135925	-94.097572	-32.741913	414.250000	-164.250000	0.000000	81.915100	-46.355099	32.889038	-0.552874	-0.306622	0.000645	-0.013394	-0.020981	-0.039136	-0.010139	-0.018019	-0.552874	-0.306622	0.098800
3.4400	313.954987	-94.561264	-32.412930	414.000000	-164.000000	0.000000	81.880196	-46.414089	32.928326	-0.553283	-0.306831	0.000635	-0.013198	-0.020635	-0.038479	-0.010052	-0.017863	-0.553283	-0.306831	0.098800
3.4500	314.773682	-95.025543	-32.083553	413.750000	-163.750000	0.000000	81.845634	-46.472630	32.967293	-0.553685	-0.307036	0.000625	-0.013001	-0.020288	-0.037823	-0.009966	-0.017706	-0.553685	-0.307036	0.098800
3.4600	315.592072	-95.490410	-31.753782	413.500000	-163.500000	0.000000	81.811424	-46.530712	33.005939	-0.554081	-0.307238	0.000615	-0.012802	-0.019939	-0.037164	-0.009879	-0.017550	-0.554081	-0.307238	0.098800
3.4700	316.410095	-95.955856	-31.423632	413.250000	-163.250000	0.000000	81.777573	-46.588345	33.044262	-0.554469	-0.307436	0.000605	-0.012603	-0.019587	-0.036501	-0.009792	-0.017392	-0.554469	-0.307436	0.098800
3.4800	317.227753	-96.421875	-31.093098	413.000000	-163.000000	0.000000	81.744072	-46.645519	33.082260	-0.554850	-0.307631	0.000595	-0.012403	-0.019235	-0.035833	-0.009706	-0.017235	-0.554850	-0.307631	0.098800
3.4900	318.045105	-96.888466	-30.762184	412.750000	-162.750000	0.000000	81.710930	-46.702236	33.119938	-0.555224	-0.307822	0.000585	-0.012202	-0.018882	-0.035152	-0.009619	-0.017076	-0.555224	-0.307822	0.098800
3.5000	318.862122	-97.355621	-30.430895	412.500000	-162.500000	0.000000	81.678146	-46.758495	33.157295	-0.555592	-0.308010	0.000575	-0.012000	-0.018530	-0.034469	-0.009532	-0.016918	-0.555592	-0.308010	0.098800
3.5100	319.678802	-97.823341	-30.099234	412.250000	-162.250000	0.000000	81.645721	-46.814293	33.194332	-0.555952	-0.308194	0.000564	-0.011797	-0.018180	-0.033787	-0.009446	-0.016758	-0.555952	-0.308194	0.098800
3.5200	320.495178	-98.291618	-29.767202	412.000000	-162.000000	0.000000	81.613663	-46.869633	33.231049	-0.556305	-0.308375	0.000554	-0.011593	-0.017827	-0.033097	-0.009359	-0.016599	-0.556305	-0.308375	0.098800
3.5300	321.311249	-98.760445	-29.434805	411.750000	-161.750000	0.000000	81.581970	-46.924511	33.267445	-0.556650	-0.308552	0.000543	-0.011388	-0.017476	-0.032408	-0.009272	-0.016439	-0.556650	-0.308552	0.098800
3.5400	322.126953	-99.229820	-29.102043	411.500000	-161.500000	0.000000	81.550644	-46.978928	33.303520	-0.556989	-0.308726	0.000533	-0.011180	-0.017127	-0.031723	-0.009186	-0.016278	-0.556989	-0.308726	0.098800
3.5500	322.942352	-99.699738	-28.768923	411.250000	-161.250000	0.000000	81.519684	-47.032879	33.339275	-0.557320	-0.308896	0.000522	-0.010972	-0.016775	-0.031028	-0.009099	-0.016117	-0.557320	-0.308896	0.098800
3.5600	323.757446	-100.170189	-28.435446	411.000000	-161.000000	0.000000	81.489090	-47.086369	33.374710	-0.557644	-0.309063	0.000512	-0.010762	-0.016420	-0.030325	-0.009012	-0.015955	-0.557644	-0.309063	0.098800
3.5700	324.572235	-100.641182	-28.101614	410.750000	-160.750000	0.000000	81.458870	-47.139393	33.409824	-0.557961	-0.309226	0.000501	-0.010550	-0.016064	-0.029622	-0.008925	-0.015793	-0.557961	-0.309226	0.098800
3.5800	325.386719	-101.112701	-27.767433	410.500000	-160.500000	0.000000	81.429024	-47.191952	33.444618	-0.558270	-0.309385	0.000490	-0.010337	-0.015706	-0.028911	-0.008838	-0.015630	-0.558270	-0.309385	0.098800
3.5900	326.200928	-101.584747	-27.432905	410.250000	-160.250000	0.000000	81.399551	-47.244041	33.479088	-0.558571	-0.309541	0.000479	-0.010123	-0.015349	-0.028200	-0.008752	-0.015467	-0.558571	-0.309541	0.098800
3.6000	327.014862	-102.057312	-27.098034	410.000000	-160.000000	0.000000	81.370461	-47.295666	33.513237	-0.558866	-0.309694	0.000468	-0.009906	-0.014995	-0.027489	-0.008665	-0.015304	-0.558866	-0.309694	0.098800
3.6100	327.828491	-102.530396	-26.762821	409.750000	-159.750000	0.000000	81.341743	-47.346817	33.547062	-0.559153	-0.309843	0.000457	-0.009688	-0.014647	-0.026788	-0.008578	-0.015139	-0.559153	-0.309843	0.098800
3.6200	328.641815	-103.003983	-26.427271	409.500000	-159.500000	0.000000	81.313416	-47.397495	33.580566	-0.559432	-0.309988	0.000446	-0.009469	-0.014300	-0.026085	-0.008491	-0.014975	-0.559432	-0.309988	0.098800
3.6300	329.454865	-103.478073	-26.091387	409.250000	-159.250000	0.000000	81.285469	-47.447708	33.613750	-0.559704	-0.310130	0.000435	-0.009248	-0.013950	-0.025375	-0.008404	-0.014809	-0.559704	-0.310130	0.098800
3.6400	330.267639	-103.952667	-25.755173	409.000000	-159.000000	0.000000	81.257904	-47.497448	33.646614	-0.559969	-0.310269	0.000424	-0.009027	-0.013596	-0.024654	-0.008317	-0.014643	-0.559969	-0.310269	0.098800
3.6500	331.080139	-104.427757	-25.418629	408.750000	-158.750000	0.000000	81.230736	-47.546711	33.679157	-0.560226	-0.310404	0.000412	-0.008805	-0.013242	-0.023929	-0.008230	-0.014477	-0.560226	-0.310404	0.098800
3.6600	331.892365	-104.903336	-25.081760	408.500000	-158.500000	0.000000	81.203949	-47.595497	33.711380	-0.560475	-0.310535	0.000401	-0.008583	-0.012885	-0.023197	-0.008143	-0.014310	-0.560475	-0.310535	0.098800
3.6700	332.704315	-105.379402	-24.744572	408.250000	-158.250000	0.000000	81.177559	-47.643806	33.743279	-0.560717	-0.310663	0.000390	-0.008359	-0.012525	-0.022466	-0.008056	-0.014142	-0.560717	-0.310663	0.098800
3.6800	333.516022	-105.855957	-24.407064	408.000000	-158.000000	0.000000	81.151566	-47.691639	33.774857	-0.560951	-0.310787	0.000378	-0.008133	-0.012162	-0.021722	-0.007969	-0.013974	-0.560951	-0.310787	0.098800
3.6900	334.327454	-106.332985	-24.069241	407.750000	-157.750000	0.000000	81.125969	-47.738995	33.806110	-0.561177	-0.310908	0.000367	-0.007907	-0.011803	-0.020978	-0.007882	-0.013805	-0.561177	-0.310908	0.098800
3.7000	335.138641	-106.810486	-23.731106	407.500000	-157.500000	0.000000	81.100769	-47.785870	33.837044	-0.561396	-0.311025	0.000355	-0.007678	-0.011447	-0.020233	-0.007794	-0.013636	-0.561396	-0.311025	0.098800
3.7100	335.949585	-107.288452	-23.392662	407.250000	-157.250000	0.000000	81.075966	-47.832260	33.867657	-0.561607	-0.311139	0.000343	-0.007448	-0.011091	-0.019484	-0.007707	-0.013466	-0.561607	-0.311139	0.098800
3.7200	336.760254	-107.766884	-23.053909	407.000000	-157.000000	0.000000	81.051559	-47.878166	33.897949	-0.561809	-0.311249	0.000332	-0.007215	-0.010735	-0.018739	-0.007619	-0.013295	-0.561809	-0.311249	0.098800
3.7300	337.570679	-108.245773	-22.714859	406.750000	-156.750000	0.000000	81.027565	-47.923584	33.927914	-0.562004	-0.311355	0.000320	-0.006982	-0.010372	-0.017980	-0.007532	-0.013124	-0.562004	-0.311355	0.098800
3.7400	338.380890	-108.725113	-22.375509	406.500000	-156.500000	0.000000	81.003975	-47.968521	33.957558	-0.562191	-0.311458	0.000308	-0.006746	-0.010007	-0.017207	-0.007444	-0.012952	-0.562191	-0.311458	0.098800
3.7500	339.190857	-109.204903	-22.035864	406.250000	-156.250000	0.000000	80.980789	-48.012970	33.986881	-0.562370	-0.311557	0.000296	-0.006510	-0.009646	-0.016442	-0.007357	-0.012780	-0.562370	-0.311557	0.098800
3.7600	340.000610	-109.685135	-21.695927	406.000000	-156.000000	0.000000	80.958015	-48.056927	34.015877	-0.562541	-0.311652	0.000283	-0.006271	-0.009286	-0.015673	-0.007269	-0.012607	-0.562541	-0.311652	0.098800
3.7700	340.810120	-110.165810	-21.355700	405.750000	-155.750000	0.000000	80.935654	-48.100391	34.044552	-0.562703	-0.311744	0.000271	-0.006030	-0.008929	-0.014901	-0.007181	-0.012433	-0.562703	-0.311744	0.098800
3.7800	341.619385	-110.646912	-21.015186	405.500000	-155.500000	0.000000	80.913712	-48.143364	34.072903	-0.562858	-0.311833	0.000259	-0.005788	-0.008570	-0.014125	-0.007093	-0.012258	-0.562858	-0.311833	0.098800
3.7900	342.428467	-111.128441	-20.674391	405.250000	-155.250000	0.000000	80.892181	-48.185841	34.100929	-0.563004	-0.311917	0.000247	-0.005545	-0.008204	-0.013331	-0.007006	-0.012083	-0.563004	-0.311917	0.098800
3.8000	343.237305	-111.610397	-20.333315	405.000000	-155.000000	0.000000	80.871078	-48.227821	34.128632	-0.563142	-0.311998	0.000234	-0.005300	-0.007839	-0.012541	-0.006918	-0.011906	-0.563142	-0.311998	0.098800
3.8100	344.045959	-112.092773	-19.991964	404.750000	-154.750000	0.000000	80.850388	-48.269299	34.156010	-0.563272	-0.312076	0.000222	-0.005053	-0.007471	-0.011744	-0.006830	-0.011730	-0.563272	-0.312076	0.098800
3.8200	344.854431	-112.575562	-19.650341	404.500000	-154.500000	0.000000	80.830124	-48.310280	34.183064	-0.563393	-0.312150	0.000209	-0.004804	-0.007107	-0.010945	-0.006742	-0.011552	-0.563393	-0.312150	0.098800
3.8300	345.662659	-113.058762	-19.308447	404.250000	-154.250000	0.000000	80.810287	-48.350758	34.209793	-0.563506	-0.312220	0.000196	-0.004554	-0.006749	-0.010159	-0.006653	-0.011374	-0.563506	-0.312220	0.098800
3.8400	346.470703	-113.542366	-18.966288	404.000000	-154.000000	0.000000	80.790878	-48.390728	34.236198	-0.563611	-0.312286	0.000183	-0.004302	-0.006387	-0.009354	-0.006565	-0.011195	-0.563611	-0.312286	0.098800
3.8500	347.278564	-114.026367	-18.623865	403.750000	-153.750000	0.000000	80.771896	-48.430191	34.262280	-0.563707	-0.312349	0.000171	-0.004048	-0.006021	-0.008538	-0.006476	-0.011015	-0.563707	-0.312349	0.098800
3.8600	348.086243	-114.510757	-18.281181	403.500000	-153.500000	0.000000	80.753357	-48.469147	34.288033	-0.563795	-0.312409	0.000158	-0.003794	-0.005655	-0.007713	-0.006388	-0.010835	-0.563795	-0.312409	0.098800
3.8700	348.893738	-114.995544	-17.938242	403.250000	-153.250000	0.000000	80.735245	-48.507591	34.313461	-0.563874	-0.312464	0.000145	-0.003537	-0.005290	-0.006891	-0.006299	-0.010653	-0.563874	-0.312464	0.098800
3.8800	349.701050	-115.480713	-17.595049	403.000000	-153.000000	0.000000	80.717575	-48.545525	34.338566	-0.563944	-0.312516	0.000131	-0.003279	-0.004922	-0.006068	-0.006211	-0.010471	-0.563944	-0.312516	0.098800
3.8900	350.508179	-115.966255	-17.251606	402.750000	-152.750000	0.000000	80.700340	-48.582939	34.363342	-0.564005	-0.312565	0.000118	-0.003019	-0.004556	-0.005232	-0.006122	-0.010288	-0.564005	-0.312565	0.098800
3.9000	351.315125	-116.452171	-16.907917	402.500000	-152.500000	0.000000	80.683548	-48.619843	34.387794	-0.564058	-0.312609	0.000105	-0.002758	-0.004183	-0.004382	-0.006033	-0.010104	-0.564058	-0.312609	0.098800
3.9100	352.121918	-116.938454	-16.563982	402.250000	-152.250000	0.000000	80.667198	-48.656223	34.411919	-0.564102	-0.312650	0.000091	-0.002494	-0.003802	-0.003516	-0.005943	-0.009919	-0.564102	-0.312650	0.098800
3.9200	352.928558	-117.425095	-16.219807	402.000000	-152.000000	0.000000	80.651299	-48.692081	34.435715	-0.564137	-0.312687	0.000078	-0.002229	-0.003415	-0.002638	-0.005854	-0.009733	-0.564137	-0.312687	0.098800
3.9300	353.735016	-117.912102	-15.875395	401.750000	-151.750000	0.000000	80.635849	-48.727417	34.459183	-0.564162	-0.312720	0.000064	-0.001961	-0.003034	-0.001779	-0.005764	-0.009546	-0.564162	-0.312720	0.098800
3.9400	354.541321	-118.399460	-15.530749	401.500000	-151.500000	0.000000	80.620857	-48.762226	34.482323	-0.564179	-0.312750	0.000050	-0.001689	-0.002650	-0.000894	-0.005675	-0.009358	-0.564179	-0.312750	0.098800
3.9500	355.347473	-118.887161	-15.185873	401.250000	-151.250000	0.000000	80.606323	-48.796501	34.505135	-0.564185	-0.312775	0.000036	-0.001415	-0.002261	0.000019	-0.005585	-0.009169	-0.564185	-0.312775	0.098800
3.9600	356.153503	-119.375206	-14.840770	401.000000	-151.000000	0.000000	80.592247	-48.830242	34.527618	-0.564183	-0.312797	0.000022	-0.001139	-0.001872	0.000938	-0.005495	-0.008979	-0.564183	-0.312797	0.098800
3.9700	356.959381	-119.863586	-14.495439	400.750000	-150.750000	0.000000	80.578629	-48.863449	34.549770	-0.564171	-0.312815	0.000007	-0.000858	-0.001487	0.001845	-0.005404	-0.008788	-0.564171	-0.312815	0.098800
3.9800	357.765137	-120.352295	-14.149891	400.500000	-150.500000	0.000000	80.565468	-48.896118	34.571590	-0.564149	-0.312829	-0.000007	-0.000575	-0.001096	0.002760	-0.005314	-0.008596	-0.564149	-0.312829	0.098800
3.9900	358.570740	-120.841331	-13.804125	400.250000	-150.250000	0.000000	80.552780	-48.928246	34.593082	-0.564118	-0.312839	-0.000022	-0.000288	-0.000708	0.003675	-0.005223	-0.008402	-0.564118	-0.312839	0.098800
4.0000	359.376221	-121.330688	-13.458145	400.000000	-150.000000	0.000000	80.540558	-48.959824	34.614239	-0.564077	-0.312845	-0.000037	0.000002	-0.000316	0.004604	-0.005132	-0.008207	-0.564077	-0.312845	0.098800
4.0100	360.181580	-121.820343	-13.111963	399.750000	-149.750000	0.000000	80.528809	-48.990852	34.635059	-0.564026	-0.312847	-0.000052	0.000294	0.000080	0.005566	-0.005041	-0.008012	-0.564026	-0.312847	0.098800
4.0200	360.986847	-122.310333	-12.765562	399.500000	-149.500000	0.000000	80.517532	-49.021332	34.655552	-0.563965	-0.312845	-0.000067	0.000588	0.000470	0.006518	-0.004950	-0.007815	-0.563965	-0.312845	0.098800
4.0300	361.791962	-122.800606	-12.418968	399.250000	-149.250000	0.000000	80.506744	-49.051254	34.675709	-0.563894	-0.312839	-0.000082	0.000886	0.000856	0.007488	-0.004858	-0.007616	-0.563894	-0.312839	0.098800
4.0400	362.596985	-123.291191	-12.072161	399.000000	-149.000000	0.000000	80.496429	-49.080620	34.695530	-0.563812	-0.312830	-0.000097	0.001186	0.001250	0.008485	-0.004766	-0.007416	-0.563812	-0.312830	0.098800
4.0500	363.401917	-123.782051	-11.725169	398.750000	-148.750000	0.000000	80.486603	-49.109421	34.715015	-0.563721	-0.312816	-0.000113	0.001490	0.001665	0.009516	-0.004674	-0.007216	-0.563721	-0.312816	0.098800
4.0600	364.206757	-124.273216	-11.377971	398.500000	-148.500000	0.000000	80.477264	-49.137653	34.734165	-0.563618	-0.312799	-0.000129	0.001797	0.002072	0.010523	-0.004581	-0.007013	-0.563618	-0.312799	0.098800
4.0700	365.011475	-124.764648	-11.030595	398.250000	-148.250000	0.000000	80.468414	-49.165318	34.752979	-0.563505	-0.312777	-0.000145	0.002108	0.002482	0.011539	-0.004489	-0.006808	-0.563505	-0.312777	0.098800
4.0800	365.816132	-125.256371	-10.683019	398.000000	-148.000000	0.000000	80.460068	-49.192406	34.771458	-0.563381	-0.312751	-0.000161	0.002424	0.002902	0.012608	-0.004395	-0.006602	-0.563381	-0.312751	0.098800
4.0900	366.620697	-125.748344	-10.335271	397.750000	-147.750000	0.000000	80.452217	-49.218910	34.789593	-0.563245	-0.312721	-0.000178	0.002744	0.003327	0.013688	-0.004302	-0.006395	-0.563245	-0.312721	0.098800
4.1000	367.425201	-126.240601	-9.987329	397.500000	-147.500000	0.000000	80.444870	-49.244831	34.807388	-0.563099	-0.312687	-0.000195	0.003069	0.003744	0.014770	-0.004208	-0.006185	-0.563099	-0.312687	0.098800
4.1100	368.229645	-126.733109	-9.639212	397.250000	-147.250000	0.000000	80.438026	-49.270164	34.824844	-0.562941	-0.312648	-0.000212	0.003398	0.004175	0.015869	-0.004114	-0.005975	-0.562941	-0.312648	0.098800
4.1200	369.033966	-127.225861	-9.290934	397.000000	-147.000000	0.000000	80.431702	-49.294903	34.841957	-0.562771	-0.312605	-0.000229	0.003733	0.004609	0.016955	-0.004019	-0.005760	-0.562771	-0.312605	0.098800
4.1300	369.838257	-127.718872	-8.942472	396.750000	-146.750000	0.000000	80.425896	-49.319042	34.858727	-0.562590	-0.312558	-0.000247	0.004073	0.005044	0.018114	-0.003924	-0.005544	-0.562590	-0.312558	0.098800
4.1400	370.642487	-128.212112	-8.593857	396.500000	-146.500000	0.000000	80.420609	-49.342571	34.875149	-0.562396	-0.312506	-0.000265	0.004417	0.005495	0.019355	-0.003829	-0.005327	-0.562396	-0.312506	0.098800
4.1500	371.446686	-128.705597	-8.245065	396.250000	-146.250000	0.000000	80.415840	-49.365490	34.891228	-0.562190	-0.312450	-0.000283	0.004767	0.005940	0.020616	-0.003733	-0.005107	-0.562190	-0.312450	0.098800
4.1600	372.250793	-129.199295	-7.896125	396.000000	-146.000000	0.000000	80.411606	-49.387794	34.906956	-0.561970	-0.312390	-0.000302	0.005124	0.006382	0.021888	-0.003636	-0.004883	-0.561970	-0.312390	0.098800
4.1700	373.054901	-129.693222	-7.547017	395.750000	-145.750000	0.000000	80.407906	-49.409470	34.922333	-0.561736	-0.312325	-0.000322	0.005491	0.006850	0.023196	-0.003539	-0.004659	-0.561736	-0.312325	0.098800
4.1800	373.858948	-130.187347	-7.197769	395.500000	-145.500000	0.000000	80.404747	-49.430511	34.937359	-0.561489	-0.312255	-0.000342	0.005867	0.007321	0.024467	-0.003442	-0.004432	-0.561489	-0.312255	0.098800
4.1900	374.662994	-130.681702	-6.848358	395.250000	-145.250000	0.000000	80.402138	-49.450912	34.952034	-0.561229	-0.312180	-0.000362	0.006254	0.007807	0.025771	-0.003343	-0.004202	-0.561229	-0.312180	0.098800
4.2000	375.466980	-131.176239	-6.498814	395.000000	-145.000000	0.000000	80.400078	-49.470661	34.966358	-0.560955	-0.312101	-0.000383	0.006649	0.008282	0.027057	-0.003244	-0.003968	-0.560955	-0.312101	0.098800
4.2100	376.270996	-131.671005	-6.149116	394.750000	-144.750000	0.000000	80.398575	-49.489758	34.980324	-0.560667	-0.312017	-0.000404	0.007051	0.008796	0.028483	-0.003145	-0.003730	-0.560667	-0.312017	0.098800
4.2200	377.074951	-132.165939	-5.799291	394.500000	-144.500000	0.000000	80.397636	-49.508190	34.993931	-0.560364	-0.311927	-0.000425	0.007459	0.009277	0.030009	-0.003045	-0.003486	-0.560364	-0.311927	0.098800
4.2300	377.878906	-132.661072	-5.449318	394.250000	-144.250000	0.000000	80.397270	-49.525951	35.007175	-0.560044	-0.311833	-0.000448	0.007877	0.009743	0.031654	-0.002942	-0.003234	-0.560044	-0.311833	0.098800
4.2400	378.682831	-133.156357	-5.099226	394.000000	-144.000000	0.000000	80.397484	-49.543026	35.020061	-0.559707	-0.311734	-0.000471	0.008305	0.010325	0.033666	-0.002838	-0.002976	-0.559707	-0.311734	0.098800
4.2500	379.486786	-133.651825	-4.748994	393.750000	-143.750000	0.000000	80.398285	-49.559402	35.032581	-0.559347	-0.311629	-0.000497	0.008751	0.010991	0.035926	-0.002731	-0.002712	-0.559347	-0.311629	0.098800
4.2600	380.290741	-134.147446	-4.398651	393.500000	-143.500000	0.000000	80.399689	-49.575058	35.044731	-0.558964	-0.311517	-0.000526	0.009225	0.011754	0.038251	-0.002625	-0.002440	-0.558964	-0.311517	0.098800
4.2700	381.094757	-134.643234	-4.048173	393.250000	-143.250000	0.000000	80.401718	-49.589970	35.056507	-0.558555	-0.311398	-0.000558	0.009739	0.012505	0.040772	-0.002519	-0.002168	-0.558555	-0.311398	0.098800
4.2800	381.898743	-135.139160	-3.697592	393.000000	-143.000000	0.000000	80.404381	-49.604118	35.067898	-0.558121	-0.311271	-0.000592	0.010300	0.013119	0.042989	-0.002410	-0.001873	-0.558121	-0.311271	0.098800
4.2900	382.702789	-135.635223	-3.346886	392.750000	-142.750000	0.000000	80.407700	-49.617477	35.078903	-0.557663	-0.311138	-0.000628	0.010911	0.013722	0.045552	-0.002296	-0.001580	-0.557663	-0.311138	0.098800
4.3000	383.506836	-136.131424	-2.996083	392.500000	-142.500000	0.000000	80.411682	-49.630028	35.089516	-0.557177	-0.310998	-0.000666	0.011564	0.014497	0.048359	-0.002184	-0.001250	-0.557177	-0.310998	0.098800
4.3100	384.310974	-136.627762	-2.645162	392.250000	-142.250000	0.000000	80.416359	-49.641747	35.099731	-0.556661	-0.310851	-0.000707	0.012260	0.015236	0.051854	-0.002072	-0.000913	-0.556661	-0.310851	0.098800
4.3200	385.115112	-137.124191	-2.294152	392.000000	-142.000000	0.000000	80.421745	-49.652596	35.109547	-0.556106	-0.310697	-0.000752	0.013001	0.015851	0.056158	-0.001956	-0.000528	-0.556106	-0.310697	0.098800
4.3300	385.919342	-137.620743	-1.943033	391.750000	-141.750000	0.000000	80.427872	-49.662533	35.118958	-0.555501	-0.310536	-0.000805	0.013804	0.016628	0.062239	-0.001833	-0.000101	-0.555501	-0.310536	0.098800
4.3400	386.723602	-138.117371	-1.591833	391.500000	-141.500000	0.000000	80.434784	-49.671486	35.127956	-0.554828	-0.310366	-0.000870	0.014703	0.017590	0.069927	-0.001712	0.000422	-0.554828	-0.310366	0.098800
4.3500	387.527954	-138.614105	-1.240532	391.250000	-141.250000	0.000000	80.442535	-49.679371	35.136532	-0.554069	-0.310186	-0.000952	0.015755	0.018682	0.080908	-0.001566	0.001168	-0.554069	-0.310186	0.098800
4.3600	388.332397	-139.110916	-0.889146	391.000000	-141.000000	0.000000	80.451218	-49.686062	35.144676	-0.553176	-0.309994	-0.001064	0.017032	0.020375	0.100768	-0.001421	0.002422	-0.553176	-0.309994	0.098800
4.3700	389.136902	-139.607773	-0.537693	390.750000	-140.750000	0.000000	80.460960	-49.691334	35.152374	-0.552039	-0.309787	-0.001237	0.018663	0.021936	0.141057	-0.001402	0.005966	-0.552039	-0.309787	0.098800
4.3800	389.941559	-140.104706	-0.186150	390.500000	-140.500000	0.000000	80.472054	-49.694752	35.159603	-0.550338	-0.309558	-0.001564	0.020960	0.021100	0.266989	-0.004856	0.041557	-0.550338	-0.309558	0.098800
4.3900	390.746307	-140.601639	0.165450	390.250000	-140.250000	0.000000	80.485237	-49.695114	35.166348	-0.546459	-0.309402	-0.002527	0.024743	-0.083741	1.384796	-0.011693	0.054857	-0.546459	-0.309402	0.098800
