           0.0	 -5.00000000e2	 -1.00000000e2	           0.0	  1.00000000e2	          -0.0	-3.84615384e-2	
 1.00000000e-2	 -4.99000000e2	 -9.99997115e1	-1.15329136e-3	  9.99999334e1	 1.15329111e-1	-3.83875640e-2	
 2.00000000e-2	 -4.98000001e2	 -9.99982703e1	-2.30436341e-3	  9.99997344e1	 2.30436137e-1	-3.83135784e-2	
 3.00000000e-2	 -4.97000004e2	 -9.99956786e1	-3.45321581e-3	  9.99994037e1	 3.45320895e-1	-3.82395816e-2	
 4.00000000e-2	 -4.96000011e2	 -9.99919386e1	-4.59984822e-3	  9.99989420e1	 4.59983200e-1	-3.81655736e-2	
 5.00000000e-2	 -4.95000023e2	 -9.99870525e1	-5.74426031e-3	  9.99983501e1	 5.74422872e-1	-3.80915545e-2	
 6.00000000e-2	 -4.94000041e2	 -9.99810226e1	-6.88645174e-3	  9.99976288e1	 6.88639731e-1	-3.80175244e-2	
 7.00000000e-2	 -4.93000067e2	 -9.99738511e1	-8.02642219e-3	  9.99967788e1	 8.02633601e-1	-3.79434834e-2	
 8.00000000e-2	 -4.92000102e2	 -9.99655402e1	-9.16417132e-3	  9.99958009e1	 9.16404305e-1	-3.78694315e-2	
 9.00000000e-2	 -4.91000146e2	 -9.99560921e1	-1.02996988e-2	  9.99946958e1	  1.02995167e0	-3.77953688e-2	
 1.00000000e-1	 -4.90000202e2	 -9.99455092e1	-1.14330043e-2	  9.99934643e1	  1.14327552e0	-3.77212953e-2	
 1.10000000e-1	 -4.89000271e2	 -9.99337935e1	-1.25640876e-2	  9.99921072e1	  1.25637570e0	-3.76472111e-2	
 1.20000000e-1	 -4.88000354e2	 -9.99209474e1	-1.36929482e-2	  9.99906253e1	  1.36925203e0	-3.75731163e-2	
 1.30000000e-1	 -4.87000451e2	 -9.99069731e1	-1.48195859e-2	  9.99890191e1	  1.48190435e0	-3.74990109e-2	
 1.40000000e-1	 -4.86000565e2	 -9.98918729e1	-1.59440004e-2	  9.99872897e1	  1.59433249e0	-3.74248950e-2	
 1.50000000e-1	 -4.85000697e2	 -9.98756489e1	-1.70661913e-2	  9.99854376e1	  1.70653629e0	-3.73507686e-2	
 1.60000000e-1	 -4.84000847e2	 -9.98583034e1	-1.81861584e-2	  9.99834636e1	  1.81851559e0	-3.72766319e-2	
 1.70000000e-1	 -4.83001018e2	 -9.98398388e1	-1.93039012e-2	  9.99813685e1	  1.93027024e0	-3.72024849e-2	
 1.80000000e-1	 -4.82001210e2	 -9.98202571e1	-2.04194196e-2	  9.99791530e1	  2.04180007e0	-3.71283276e-2	
 1.90000000e-1	 -4.81001424e2	 -9.97995607e1	-2.15327132e-2	  9.99768180e1	  2.15310493e0	-3.70541601e-2	
 2.00000000e-1	 -4.80001662e2	 -9.97777518e1	-2.26437817e-2	  9.99743640e1	  2.26418467e0	-3.69799824e-2	
 2.10000000e-1	 -4.79001925e2	 -9.97548327e1	-2.37526248e-2	  9.99717919e1	  2.37503914e0	-3.69057947e-2	
 2.20000000e-1	 -4.78002213e2	 -9.97308056e1	-2.48592422e-2	  9.99691024e1	  2.48566818e0	-3.68315970e-2	
 2.30000000e-1	 -4.77002529e2	 -9.97056727e1	-2.59636335e-2	  9.99662963e1	  2.59607166e0	-3.67573893e-2	
 2.40000000e-1	 -4.76002874e2	 -9.96794364e1	-2.70657986e-2	  9.99633743e1	  2.70624942e0	-3.66831717e-2	
 2.50000000e-1	 -4.75003247e2	 -9.96520989e1	-2.81657371e-2	  9.99603371e1	  2.81620132e0	-3.66089443e-2	
 2.60000000e-1	 -4.74003652e2	 -9.96236625e1	-2.92634486e-2	  9.99571855e1	  2.92592722e0	-3.65347071e-2	
 2.70000000e-1	 -4.73004088e2	 -9.95941293e1	-3.03589330e-2	  9.99539202e1	  3.03542698e0	-3.64604602e-2	
 2.80000000e-1	 -4.72004557e2	 -9.95635017e1	-3.14521899e-2	  9.99505420e1	  3.14470046e0	-3.63862036e-2	
 2.90000000e-1	 -4.71005060e2	 -9.95317819e1	-3.25432191e-2	  9.99470516e1	  3.25374752e0	-3.63119375e-2	
 3.00000000e-1	 -4.70005599e2	 -9.94989723e1	-3.36320201e-2	  9.99434496e1	  3.36256802e0	-3.62376618e-2	
 3.10000000e-1	 -4.69006173e2	 -9.94650750e1	-3.47185929e-2	  9.99397370e1	  3.47116184e0	-3.61633766e-2	
 3.20000000e-1	 -4.68006786e2	 -9.94300923e1	-3.58029370e-2	  9.99359143e1	  3.57952885e0	-3.60890820e-2	
 3.30000000e-1	 -4.67007436e2	 -9.93940265e1	-3.68850522e-2	  9.99319823e1	  3.68766890e0	-3.60147780e-2	
 3.40000000e-1	 -4.66008126e2	 -9.93568799e1	-3.79649382e-2	  9.99279418e1	  3.79558188e0	-3.59404648e-2	
 3.50000000e-1	 -4.65008857e2	 -9.93186547e1	-3.90425947e-2	  9.99237934e1	  3.90326766e0	-3.58661423e-2	
 3.60000000e-1	 -4.64009630e2	 -9.92793532e1	-4.01180215e-2	  9.99195380e1	  4.01072610e0	-3.57918106e-2	
 3.70000000e-1	 -4.63010445e2	 -9.92389778e1	-4.11912183e-2	  9.99151761e1	  4.11795710e0	-3.57174697e-2	
 3.80000000e-1	 -4.62011305e2	 -9.91975305e1	-4.22621848e-2	  9.99107086e1	  4.22496052e0	-3.56431198e-2	
 3.90000000e-1	 -4.61012209e2	 -9.91550139e1	-4.33309207e-2	  9.99061362e1	  4.33173625e0	-3.55687608e-2	
 4.00000000e-1	 -4.60013159e2	 -9.91114300e1	-4.43974258e-2	  9.99014596e1	  4.43828417e0	-3.54943929e-2	
 4.10000000e-1	 -4.59014157e2	 -9.90667812e1	-4.54616998e-2	  9.98966794e1	  4.54460416e0	-3.54200161e-2	
 4.20000000e-1	 -4.58015202e2	 -9.90210698e1	-4.65237424e-2	  9.98917965e1	  4.65069611e0	-3.53456305e-2	
 4.30000000e-1	 -4.57016296e2	 -9.89742980e1	-4.75835534e-2	  9.98868116e1	  4.75655990e0	-3.52712360e-2	
 4.40000000e-1	 -4.56017441e2	 -9.89264682e1	-4.86411324e-2	  9.98817253e1	  4.86219542e0	-3.51968328e-2	
 4.50000000e-1	 -4.55018637e2	 -9.88775826e1	-4.96964794e-2	  9.98765384e1	  4.96760256e0	-3.51224209e-2	
 4.60000000e-1	 -4.54019884e2	 -9.88276435e1	-5.07495938e-2	  9.98712515e1	  5.07278122e0	-3.50480004e-2	
 4.70000000e-1	 -4.53021185e2	 -9.87766531e1	-5.18004757e-2	  9.98658655e1	  5.17773128e0	-3.49735713e-2	
 4.80000000e-1	 -4.52022540e2	 -9.87246139e1	-5.28491245e-2	  9.98603810e1	  5.28245264e0	-3.48991337e-2	
 4.90000000e-1	 -4.51023950e2	 -9.86715280e1	-5.38955402e-2	  9.98547986e1	  5.38694520e0	-3.48246876e-2	
 5.00000000e-1	 -4.50025416e2	 -9.86173977e1	-5.49397224e-2	  9.98491193e1	  5.49120885e0	-3.47502331e-2	
 5.10000000e-1	 -4.49026940e2	 -9.85622254e1	-5.59816710e-2	  9.98433435e1	  5.59524350e0	-3.46757702e-2	
 5.20000000e-1	 -4.48028521e2	 -9.85060133e1	-5.70213856e-2	  9.98374721e1	  5.69904903e0	-3.46012991e-2	
 5.30000000e-1	 -4.47030161e2	 -9.84487637e1	-5.80588660e-2	  9.98315057e1	  5.80262537e0	-3.45268196e-2	
 5.40000000e-1	 -4.46031861e2	 -9.83904790e1	-5.90941119e-2	  9.98254451e1	  5.90597240e0	-3.44523320e-2	
 5.50000000e-1	 -4.45033622e2	 -9.83311613e1	-6.01271232e-2	  9.98192909e1	  6.00909004e0	-3.43778363e-2	
 5.60000000e-1	 -4.44035445e2	 -9.82708130e1	-6.11578995e-2	  9.98130438e1	  6.11197819e0	-3.43033324e-2	
 5.70000000e-1	 -4.43037330e2	 -9.82094365e1	-6.21864406e-2	  9.98067046e1	  6.21463676e0	-3.42288205e-2	
 5.80000000e-1	 -4.42039279e2	 -9.81470339e1	-6.32127464e-2	  9.98002739e1	  6.31706567e0	-3.41543007e-2	
 5.90000000e-1	 -4.41041292e2	 -9.80836076e1	-6.42368165e-2	  9.97937525e1	  6.41926481e0	-3.40797728e-2	
 6.00000000e-1	 -4.40043371e2	 -9.80191599e1	-6.52586506e-2	  9.97871409e1	  6.52123411e0	-3.40052372e-2	
 6.10000000e-1	 -4.39045517e2	 -9.79536930e1	-6.62782487e-2	  9.97804400e1	  6.62297348e0	-3.39306936e-2	
 6.20000000e-1	 -4.38047729e2	 -9.78872094e1	-6.72956104e-2	  9.97736504e1	  6.72448283e0	-3.38561423e-2	
 6.30000000e-1	 -4.37050010e2	 -9.78197112e1	-6.83107355e-2	  9.97667728e1	  6.82576208e0	-3.37815833e-2	
 6.40000000e-1	 -4.36052359e2	 -9.77512008e1	-6.93236237e-2	  9.97598079e1	  6.92681116e0	-3.37070166e-2	
 6.50000000e-1	 -4.35054779e2	 -9.76816805e1	-7.03342749e-2	  9.97527564e1	  7.02762997e0	-3.36324422e-2	
 6.60000000e-1	 -4.34057269e2	 -9.76111526e1	-7.13426889e-2	  9.97456189e1	  7.12821845e0	-3.35578603e-2	
 6.70000000e-1	 -4.33059831e2	 -9.75396194e1	-7.23488653e-2	  9.97383962e1	  7.22857651e0	-3.34832709e-2	
 6.80000000e-1	 -4.32062465e2	 -9.74670832e1	-7.33528039e-2	  9.97310889e1	  7.32870409e0	-3.34086739e-2	
 6.90000000e-1	 -4.31065173e2	 -9.73935462e1	-7.43545046e-2	  9.97236977e1	  7.42860109e0	-3.33340696e-2	
 7.00000000e-1	 -4.30067954e2	 -9.73190109e1	-7.53539671e-2	  9.97162232e1	  7.52826747e0	-3.32594579e-2	
 7.10000000e-1	 -4.29070811e2	 -9.72434795e1	-7.63511913e-2	  9.97086663e1	  7.62770313e0	-3.31848388e-2	
 7.20000000e-1	 -4.28073743e2	 -9.71669543e1	-7.73461767e-2	  9.97010275e1	  7.72690801e0	-3.31102125e-2	
 7.30000000e-1	 -4.27076752e2	 -9.70894377e1	-7.83389234e-2	  9.96933075e1	  7.82588205e0	-3.30355789e-2	
 7.40000000e-1	 -4.26079839e2	 -9.70109318e1	-7.93294310e-2	  9.96855070e1	  7.92462517e0	-3.29609382e-2	
 7.50000000e-1	 -4.25083003e2	 -9.69314392e1	-8.03176993e-2	  9.96776267e1	  8.02313731e0	-3.28862903e-2	
 7.60000000e-1	 -4.24086247e2	 -9.68509619e1	-8.13037281e-2	  9.96696672e1	  8.12141840e0	-3.28116354e-2	
 7.70000000e-1	 -4.23089570e2	 -9.67695025e1	-8.22875172e-2	  9.96616292e1	  8.21946839e0	-3.27369734e-2	
 7.80000000e-1	 -4.22092974e2	 -9.66870631e1	-8.32690664e-2	  9.96535134e1	  8.31728721e0	-3.26623044e-2	
 7.90000000e-1	 -4.21096459e2	 -9.66036461e1	-8.42483755e-2	  9.96453204e1	  8.41487480e0	-3.25876285e-2	
 8.00000000e-1	 -4.20100027e2	 -9.65192538e1	-8.52254442e-2	  9.96370509e1	  8.51223109e0	-3.25129457e-2	
 8.10000000e-1	 -4.19103677e2	 -9.64338886e1	-8.62002724e-2	  9.96287056e1	  8.60935604e0	-3.24382561e-2	
 8.20000000e-1	 -4.18107411e2	 -9.63475526e1	-8.71728599e-2	  9.96202851e1	  8.70624958e0	-3.23635596e-2	
 8.30000000e-1	 -4.17111229e2	 -9.62602483e1	-8.81432064e-2	  9.96117901e1	  8.80291167e0	-3.22888564e-2	
 8.40000000e-1	 -4.16115133e2	 -9.61719780e1	-8.91113118e-2	  9.96032213e1	  8.89934224e0	-3.22141465e-2	
 8.50000000e-1	 -4.15119122e2	 -9.60827439e1	-9.00771758e-2	  9.95945793e1	  8.99554124e0	-3.21394300e-2	
 8.60000000e-1	 -4.14123198e2	 -9.59925485e1	-9.10407983e-2	  9.95858648e1	  9.09150863e0	-3.20647068e-2	
 8.70000000e-1	 -4.13127362e2	 -9.59013939e1	-9.20021791e-2	  9.95770783e1	  9.18724434e0	-3.19899771e-2	
 8.80000000e-1	 -4.12131613e2	 -9.58092825e1	-9.29613179e-2	  9.95682207e1	  9.28274834e0	-3.19152408e-2	
 8.90000000e-1	 -4.11135953e2	 -9.57162167e1	-9.39182145e-2	  9.95592925e1	  9.37802058e0	-3.18404981e-2	
 9.00000000e-1	 -4.10140382e2	 -9.56221988e1	-9.48728689e-2	  9.95502944e1	  9.47306100e0	-3.17657490e-2	
 9.10000000e-1	 -4.09144902e2	 -9.55272310e1	-9.58252807e-2	  9.95412269e1	  9.56786957e0	-3.16909934e-2	
 9.20000000e-1	 -4.08149513e2	 -9.54313157e1	-9.67754498e-2	  9.95320909e1	  9.66244623e0	-3.16162316e-2	
 9.30000000e-1	 -4.07154215e2	 -9.53344553e1	-9.77233760e-2	  9.95228869e1	  9.75679095e0	-3.15414634e-2	
 9.40000000e-1	 -4.06159009e2	 -9.52366519e1	-9.86690591e-2	  9.95136156e1	  9.85090369e0	-3.14666890e-2	
 9.50000000e-1	 -4.05163896e2	 -9.51379080e1	-9.96124989e-2	  9.95042776e1	  9.94478440e0	-3.13919084e-2	
 9.60000000e-1	 -4.04168877e2	 -9.50382259e1	-1.00553695e-1	  9.94948735e1	  1.00384330e1	-3.13171216e-2	
 9.70000000e-1	 -4.03173952e2	 -9.49376079e1	-1.01492648e-1	  9.94854040e1	  1.01318495e1	-3.12423287e-2	
 9.80000000e-1	 -4.02179121e2	 -9.48360563e1	-1.02429356e-1	  9.94758698e1	  1.02250339e1	-3.11675298e-2	
 9.90000000e-1	 -4.01184387e2	 -9.47335734e1	-1.03363821e-1	  9.94662714e1	  1.03179862e1	-3.10927248e-2	
  1.00000000e0	 -4.00189748e2	 -9.46301616e1	-1.04296042e-1	  9.94566096e1	  1.04107062e1	-3.10179138e-2	
  1.01000000e0	 -3.99195206e2	 -9.45258232e1	-1.05226018e-1	  9.94468848e1	  1.05031940e1	-3.09430969e-2	
  1.02000000e0	 -3.98200762e2	 -9.44205605e1	-1.06153750e-1	  9.94370979e1	  1.05954495e1	-3.08682741e-2	
  1.03000000e0	 -3.97206415e2	 -9.43143758e1	-1.07079237e-1	  9.94272494e1	  1.06874727e1	-3.07934455e-2	
  1.04000000e0	 -3.96212168e2	 -9.42072714e1	-1.08002479e-1	  9.94173399e1	  1.07792635e1	-3.07186110e-2	
  1.05000000e0	 -3.95218019e2	 -9.40992498e1	-1.08923476e-1	  9.94073700e1	  1.08708220e1	-3.06437707e-2	
  1.06000000e0	 -3.94223971e2	 -9.39903131e1	-1.09842228e-1	  9.93973405e1	  1.09621481e1	-3.05689248e-2	
  1.07000000e0	 -3.93230022e2	 -9.38804637e1	-1.10758734e-1	  9.93872519e1	  1.10532418e1	-3.04940731e-2	
  1.08000000e0	 -3.92236175e2	 -9.37697040e1	-1.11672995e-1	  9.93771048e1	  1.11441030e1	-3.04192158e-2	
  1.09000000e0	 -3.91242430e2	 -9.36580362e1	-1.12585010e-1	  9.93668999e1	  1.12347318e1	-3.03443529e-2	
  1.10000000e0	 -3.90248786e2	 -9.35454628e1	-1.13494779e-1	  9.93566377e1	  1.13251281e1	-3.02694844e-2	
  1.11000000e0	 -3.89255246e2	 -9.34319860e1	-1.14402302e-1	  9.93463190e1	  1.14152918e1	-3.01946104e-2	
  1.12000000e0	 -3.88261808e2	 -9.33176081e1	-1.15307579e-1	  9.93359443e1	  1.15052230e1	-3.01197310e-2	
  1.12999999e0	 -3.87268475e2	 -9.32023314e1	-1.16210609e-1	  9.93255142e1	  1.15949217e1	-3.00448461e-2	
  1.13999999e0	 -3.86275246e2	 -9.30861584e1	-1.17111393e-1	  9.93150294e1	  1.16843878e1	-2.99699558e-2	
  1.14999999e0	 -3.85282122e2	 -9.29690913e1	-1.18009930e-1	  9.93044905e1	  1.17736213e1	-2.98950601e-2	
  1.15999999e0	 -3.84289103e2	 -9.28511324e1	-1.18906220e-1	  9.92938980e1	  1.18626222e1	-2.98201591e-2	
  1.17000000e0	 -3.83296191e2	 -9.27322842e1	-1.19800263e-1	  9.92832526e1	  1.19513904e1	-2.97452528e-2	
  1.18000000e0	 -3.82303385e2	 -9.26125488e1	-1.20692059e-1	  9.92725550e1	  1.20399260e1	-2.96703413e-2	
  1.19000000e0	 -3.81310687e2	 -9.24919286e1	-1.21581607e-1	  9.92618056e1	  1.21282290e1	-2.95954246e-2	
  1.20000000e0	 -3.80318095e2	 -9.23704260e1	-1.22468908e-1	  9.92510051e1	  1.22162993e1	-2.95205028e-2	
  1.21000000e0	 -3.79325613e2	 -9.22480433e1	-1.23353961e-1	  9.92401542e1	  1.23041369e1	-2.94455758e-2	
  1.22000000e0	 -3.78333238e2	 -9.21247827e1	-1.24236766e-1	  9.92292534e1	  1.23917419e1	-2.93706437e-2	
  1.23000000e0	 -3.77340973e2	 -9.20006467e1	-1.25117324e-1	  9.92183033e1	  1.24791141e1	-2.92957066e-2	
  1.24000000e0	 -3.76348817e2	 -9.18756376e1	-1.25995633e-1	  9.92073045e1	  1.25662536e1	-2.92207645e-2	
  1.25000000e0	 -3.75356772e2	 -9.17497577e1	-1.26871694e-1	  9.91962576e1	  1.26531604e1	-2.91458175e-2	
  1.26000000e0	 -3.74364837e2	 -9.16230092e1	-1.27745506e-1	  9.91851632e1	  1.27398345e1	-2.90708655e-2	
  1.27000000e0	 -3.73373013e2	 -9.14953946e1	-1.28617070e-1	  9.91740220e1	  1.28262758e1	-2.89959086e-2	
  1.28000000e0	 -3.72381301e2	 -9.13669162e1	-1.29486385e-1	  9.91628344e1	  1.29124844e1	-2.89209468e-2	
  1.29000000e0	 -3.71389701e2	 -9.12375763e1	-1.30353451e-1	  9.91516012e1	  1.29984603e1	-2.88459803e-2	
  1.30000000e0	 -3.70398213e2	 -9.11073772e1	-1.31218268e-1	  9.91403228e1	  1.30842034e1	-2.87710089e-2	
  1.31000000e0	 -3.69406838e2	 -9.09763212e1	-1.32080836e-1	  9.91289999e1	  1.31697138e1	-2.86960329e-2	
  1.32000000e0	 -3.68415576e2	 -9.08444107e1	-1.32941155e-1	  9.91176331e1	  1.32549915e1	-2.86210521e-2	
  1.33000000e0	 -3.67424428e2	 -9.07116481e1	-1.33799224e-1	  9.91062229e1	  1.33400364e1	-2.85460667e-2	
  1.34000000e0	 -3.66433395e2	 -9.05780355e1	-1.34655044e-1	  9.90947699e1	  1.34248485e1	-2.84710766e-2	
  1.35000000e0	 -3.65442476e2	 -9.04435754e1	-1.35508613e-1	  9.90832748e1	  1.35094279e1	-2.83960819e-2	
  1.36000000e0	 -3.64451672e2	 -9.03082701e1	-1.36359933e-1	  9.90717381e1	  1.35937746e1	-2.83210827e-2	
  1.37000000e0	 -3.63460983e2	 -9.01721220e1	-1.37209003e-1	  9.90601603e1	  1.36778885e1	-2.82460790e-2	
  1.38000000e0	 -3.62470411e2	 -9.00351332e1	-1.38055823e-1	  9.90485421e1	  1.37617697e1	-2.81710707e-2	
  1.39000000e0	 -3.61479955e2	 -8.98973063e1	-1.38900393e-1	  9.90368840e1	  1.38454182e1	-2.80960581e-2	
  1.40000000e0	 -3.60489615e2	 -8.97586434e1	-1.39742712e-1	  9.90251866e1	  1.39288339e1	-2.80210410e-2	
  1.41000000e0	 -3.59499392e2	 -8.96191470e1	-1.40582780e-1	  9.90134504e1	  1.40120169e1	-2.79460195e-2	
  1.42000000e0	 -3.58509287e2	 -8.94788193e1	-1.41420598e-1	  9.90016762e1	  1.40949673e1	-2.78709937e-2	
  1.43000000e0	 -3.57519300e2	 -8.93376627e1	-1.42256165e-1	  9.89898643e1	  1.41776849e1	-2.77959636e-2	
  1.44000000e0	 -3.56529431e2	 -8.91956794e1	-1.43089482e-1	  9.89780155e1	  1.42601698e1	-2.77209292e-2	
  1.45000000e0	 -3.55539681e2	 -8.90528720e1	-1.43920547e-1	  9.89661302e1	  1.43424220e1	-2.76458906e-2	
  1.46000000e0	 -3.54550049e2	 -8.89092426e1	-1.44749361e-1	  9.89542090e1	  1.44244416e1	-2.75708478e-2	
  1.47000000e0	 -3.53560537e2	 -8.87647935e1	-1.45575923e-1	  9.89422525e1	  1.45062285e1	-2.74958008e-2	
  1.48000000e0	 -3.52571144e2	 -8.86195272e1	-1.46400234e-1	  9.89302612e1	  1.45877828e1	-2.74207496e-2	
  1.49000000e0	 -3.51581872e2	 -8.84734459e1	-1.47222294e-1	  9.89182358e1	  1.46691044e1	-2.73456944e-2	
  1.50000000e0	 -3.50592719e2	 -8.83265520e1	-1.48042102e-1	  9.89061767e1	  1.47501934e1	-2.72706351e-2	
  1.51000000e0	 -3.49603688e2	 -8.81788478e1	-1.48859658e-1	  9.88940845e1	  1.48310498e1	-2.71955718e-2	
  1.52000000e0	 -3.48614777e2	 -8.80303356e1	-1.49674962e-1	  9.88819598e1	  1.49116736e1	-2.71205044e-2	
  1.53000000e0	 -3.47625988e2	 -8.78810177e1	-1.50488014e-1	  9.88698032e1	  1.49920649e1	-2.70454331e-2	
  1.54000000e0	 -3.46637321e2	 -8.77308965e1	-1.51298814e-1	  9.88576151e1	  1.50722236e1	-2.69703579e-2	
  1.55000000e0	 -3.45648775e2	 -8.75799743e1	-1.52107362e-1	  9.88453962e1	  1.51521497e1	-2.68952787e-2	
  1.56000000e0	 -3.44660352e2	 -8.74282535e1	-1.52913657e-1	  9.88331469e1	  1.52318434e1	-2.68201957e-2	
  1.57000000e0	 -3.43672051e2	 -8.72757362e1	-1.53717700e-1	  9.88208679e1	  1.53113045e1	-2.67451089e-2	
  1.58000000e0	 -3.42683873e2	 -8.71224250e1	-1.54519490e-1	  9.88085597e1	  1.53905332e1	-2.66700182e-2	
  1.59000000e0	 -3.41695818e2	 -8.69683220e1	-1.55319027e-1	  9.87962228e1	  1.54695294e1	-2.65949238e-2	
  1.60000000e0	 -3.40707887e2	 -8.68134297e1	-1.56116312e-1	  9.87838578e1	  1.55482932e1	-2.65198256e-2	
  1.61000000e0	 -3.39720079e2	 -8.66577502e1	-1.56911343e-1	  9.87714652e1	  1.56268245e1	-2.64447237e-2	
  1.62000000e0	 -3.38732396e2	 -8.65012861e1	-1.57704122e-1	  9.87590456e1	  1.57051235e1	-2.63696182e-2	
  1.63000000e0	 -3.37744836e2	 -8.63440396e1	-1.58494647e-1	  9.87465994e1	  1.57831901e1	-2.62945089e-2	
  1.64000000e0	 -3.36757401e2	 -8.61860129e1	-1.59282919e-1	  9.87341273e1	  1.58610244e1	-2.62193961e-2	
  1.65000000e0	 -3.35770091e2	 -8.60272085e1	-1.60068937e-1	  9.87216297e1	  1.59386263e1	-2.61442797e-2	
  1.66000000e0	 -3.34782906e2	 -8.58676287e1	-1.60852702e-1	  9.87091073e1	  1.60159960e1	-2.60691597e-2	
  1.67000000e0	 -3.33795847e2	 -8.57072758e1	-1.61634214e-1	  9.86965605e1	  1.60931333e1	-2.59940363e-2	
  1.68000000e0	 -3.32808912e2	 -8.55461520e1	-1.62413471e-1	  9.86839898e1	  1.61700385e1	-2.59189093e-2	
  1.69000000e0	 -3.31822104e2	 -8.53842598e1	-1.63190475e-1	  9.86713958e1	  1.62467114e1	-2.58437788e-2	
  1.70000000e0	 -3.30835421e2	 -8.52216014e1	-1.63965225e-1	  9.86587791e1	  1.63231522e1	-2.57686449e-2	
  1.71000000e0	 -3.29848865e2	 -8.50581792e1	-1.64737721e-1	  9.86461401e1	  1.63993608e1	-2.56935077e-2	
  1.72000000e0	 -3.28862436e2	 -8.48939956e1	-1.65507963e-1	  9.86334793e1	  1.64753373e1	-2.56183670e-2	
  1.73000000e0	 -3.27876132e2	 -8.47290527e1	-1.66275950e-1	  9.86207974e1	  1.65510817e1	-2.55432230e-2	
  1.74000000e0	 -3.26889956e2	 -8.45633529e1	-1.67041683e-1	  9.86080948e1	  1.66265941e1	-2.54680757e-2	
  1.75000000e0	 -3.25903907e2	 -8.43968986e1	-1.67805162e-1	  9.85953720e1	  1.67018744e1	-2.53929251e-2	
  1.76000000e0	 -3.24917985e2	 -8.42296921e1	-1.68566386e-1	  9.85826296e1	  1.67769227e1	-2.53177712e-2	
  1.77000000e0	 -3.23932191e2	 -8.40617357e1	-1.69325355e-1	  9.85698680e1	  1.68517391e1	-2.52426142e-2	
  1.78000000e0	 -3.22946524e2	 -8.38930317e1	-1.70082070e-1	  9.85570878e1	  1.69263235e1	-2.51674539e-2	
  1.79000000e0	 -3.21960985e2	 -8.37235825e1	-1.70836530e-1	  9.85442895e1	  1.70006761e1	-2.50922904e-2	
  1.80000000e0	 -3.20975574e2	 -8.35533903e1	-1.71588735e-1	  9.85314737e1	  1.70747968e1	-2.50171239e-2	
  1.81000000e0	 -3.19990292e2	 -8.33824574e1	-1.72338685e-1	  9.85186407e1	  1.71486856e1	-2.49419541e-2	
  1.82000000e0	 -3.19005137e2	 -8.32107863e1	-1.73086380e-1	  9.85057912e1	  1.72223427e1	-2.48667814e-2	
  1.83000000e0	 -3.18020112e2	 -8.30383791e1	-1.73831819e-1	  9.84929256e1	  1.72957680e1	-2.47916055e-2	
  1.84000000e0	 -3.17035214e2	 -8.28652383e1	-1.74575004e-1	  9.84800445e1	  1.73689617e1	-2.47164266e-2	
  1.85000000e0	 -3.16050446e2	 -8.26913662e1	-1.75315933e-1	  9.84671483e1	  1.74419236e1	-2.46412448e-2	
  1.86000000e0	 -3.15065807e2	 -8.25167650e1	-1.76054606e-1	  9.84542375e1	  1.75146539e1	-2.45660599e-2	
  1.87000000e0	 -3.14081297e2	 -8.23414370e1	-1.76791024e-1	  9.84413127e1	  1.75871526e1	-2.44908721e-2	
  1.88000000e0	 -3.13096916e2	 -8.21653847e1	-1.77525186e-1	  9.84283744e1	  1.76594198e1	-2.44156814e-2	
  1.89000000e0	 -3.12112665e2	 -8.19886102e1	-1.78257093e-1	  9.84154230e1	  1.77314554e1	-2.43404878e-2	
  1.90000000e0	 -3.11128543e2	 -8.18111160e1	-1.78986743e-1	  9.84024590e1	  1.78032595e1	-2.42652913e-2	
  1.91000000e0	 -3.10144551e2	 -8.16329044e1	-1.79714138e-1	  9.83894830e1	  1.78748323e1	-2.41900920e-2	
  1.92000000e0	 -3.09160688e2	 -8.14539775e1	-1.80439277e-1	  9.83764954e1	  1.79461736e1	-2.41148898e-2	
  1.93000000e0	 -3.08176956e2	 -8.12743379e1	-1.81162159e-1	  9.83634967e1	  1.80172836e1	-2.40396849e-2	
  1.94000000e0	 -3.07193354e2	 -8.10939877e1	-1.81882786e-1	  9.83504874e1	  1.80881622e1	-2.39644772e-2	
  1.95000000e0	 -3.06209881e2	 -8.09129293e1	-1.82601156e-1	  9.83374680e1	  1.81588096e1	-2.38892668e-2	
  1.96000000e0	 -3.05226539e2	 -8.07311650e1	-1.83317270e-1	  9.83244391e1	  1.82292258e1	-2.38140537e-2	
  1.97000000e0	 -3.04243327e2	 -8.05486972e1	-1.84031128e-1	  9.83114009e1	  1.82994108e1	-2.37388379e-2	
  1.98000000e0	 -3.03260246e2	 -8.03655280e1	-1.84742729e-1	  9.82983542e1	  1.83693646e1	-2.36636194e-2	
  1.99000000e0	 -3.02277295e2	 -8.01816599e1	-1.85452073e-1	  9.82852992e1	  1.84390874e1	-2.35883983e-2	
  2.00000000e0	 -3.01294475e2	 -7.99970952e1	-1.86159161e-1	  9.82722366e1	  1.85085791e1	-2.35131746e-2	
  2.00999999e0	 -3.00311785e2	 -7.98118361e1	-1.86863992e-1	  9.82591668e1	  1.85778398e1	-2.34379483e-2	
  2.02000000e0	 -2.99329226e2	 -7.96258850e1	-1.87566566e-1	  9.82460902e1	  1.86468696e1	-2.33627194e-2	
  2.02999999e0	 -2.98346798e2	 -7.94392442e1	-1.88266883e-1	  9.82330074e1	  1.87156684e1	-2.32874880e-2	
  2.04000000e0	 -2.97364500e2	 -7.92519159e1	-1.88964944e-1	  9.82199188e1	  1.87842364e1	-2.32122541e-2	
  2.04999999e0	 -2.96382334e2	 -7.90639026e1	-1.89660747e-1	  9.82068249e1	  1.88525736e1	-2.31370177e-2	
  2.06000000e0	 -2.95400298e2	 -7.88752064e1	-1.90354293e-1	  9.81937261e1	  1.89206801e1	-2.30617789e-2	
  2.06999999e0	 -2.94418394e2	 -7.86858298e1	-1.91045583e-1	  9.81806230e1	  1.89885558e1	-2.29865376e-2	
  2.08000000e0	 -2.93436620e2	 -7.84957750e1	-1.91734614e-1	  9.81675160e1	  1.90562009e1	-2.29112939e-2	
  2.09000000e0	 -2.92454978e2	 -7.83050443e1	-1.92421389e-1	  9.81544055e1	  1.91236153e1	-2.28360478e-2	
  2.10000000e0	 -2.91473467e2	 -7.81136400e1	-1.93105906e-1	  9.81412921e1	  1.91907992e1	-2.27607994e-2	
  2.11000000e0	 -2.90492087e2	 -7.79215645e1	-1.93788166e-1	  9.81281762e1	  1.92577526e1	-2.26855486e-2	
  2.12000000e0	 -2.89510838e2	 -7.77288200e1	-1.94468168e-1	  9.81150582e1	  1.93244755e1	-2.26102955e-2	
  2.13000000e0	 -2.88529720e2	 -7.75354089e1	-1.95145912e-1	  9.81019386e1	  1.93909680e1	-2.25350400e-2	
  2.14000000e0	 -2.87548733e2	 -7.73413334e1	-1.95821399e-1	  9.80888178e1	  1.94572301e1	-2.24597824e-2	
  2.15000000e0	 -2.86567878e2	 -7.71465959e1	-1.96494628e-1	  9.80756964e1	  1.95232619e1	-2.23845224e-2	
  2.16000000e0	 -2.85587154e2	 -7.69511986e1	-1.97165599e-1	  9.80625748e1	  1.95890635e1	-2.23092602e-2	
  2.17000000e0	 -2.84606561e2	 -7.67551439e1	-1.97834312e-1	  9.80494534e1	  1.96546348e1	-2.22339959e-2	
  2.18000000e0	 -2.83626099e2	 -7.65584341e1	-1.98500768e-1	  9.80363327e1	  1.97199761e1	-2.21587293e-2	
  2.19000000e0	 -2.82645769e2	 -7.63610714e1	-1.99164965e-1	  9.80232131e1	  1.97850872e1	-2.20834606e-2	
  2.20000000e0	 -2.81665569e2	 -7.61630582e1	-1.99826904e-1	  9.80100951e1	  1.98499683e1	-2.20081897e-2	
  2.21000000e0	 -2.80685501e2	 -7.59643967e1	-2.00486586e-1	  9.79969792e1	  1.99146193e1	-2.19329168e-2	
  2.22000000e0	 -2.79705564e2	 -7.57650893e1	-2.01144009e-1	  9.79838657e1	  1.99790405e1	-2.18576417e-2	
  2.23000000e0	 -2.78725758e2	 -7.55651383e1	-2.01799173e-1	  9.79707551e1	  2.00432318e1	-2.17823646e-2	
  2.24000000e0	 -2.77746083e2	 -7.53645459e1	-2.02452080e-1	  9.79576478e1	  2.01071932e1	-2.17070854e-2	
  2.25000000e0	 -2.76766540e2	 -7.51633145e1	-2.03102727e-1	  9.79445444e1	  2.01709249e1	-2.16318041e-2	
  2.25999999e0	 -2.75787127e2	 -7.49614464e1	-2.03751117e-1	  9.79314452e1	  2.02344269e1	-2.15565209e-2	
  2.27000000e0	 -2.74807845e2	 -7.47589438e1	-2.04397248e-1	  9.79183507e1	  2.02976992e1	-2.14812357e-2	
  2.27999999e0	 -2.73828695e2	 -7.45558090e1	-2.05041120e-1	  9.79052612e1	  2.03607419e1	-2.14059485e-2	
  2.29000000e0	 -2.72849675e2	 -7.43520444e1	-2.05682734e-1	  9.78921773e1	  2.04235551e1	-2.13306593e-2	
  2.29999999e0	 -2.71870786e2	 -7.41476523e1	-2.06322089e-1	  9.78790994e1	  2.04861388e1	-2.12553682e-2	
  2.31000000e0	 -2.70892027e2	 -7.39426349e1	-2.06959186e-1	  9.78660279e1	  2.05484930e1	-2.11800753e-2	
  2.31999999e0	 -2.69913400e2	 -7.37369945e1	-2.07594023e-1	  9.78529633e1	  2.06106179e1	-2.11047804e-2	
  2.33000000e0	 -2.68934903e2	 -7.35307334e1	-2.08226602e-1	  9.78399058e1	  2.06725135e1	-2.10294837e-2	
  2.34000000e0	 -2.67956536e2	 -7.33238540e1	-2.08856922e-1	  9.78268561e1	  2.07341798e1	-2.09541851e-2	
  2.35000000e0	 -2.66978300e2	 -7.31163584e1	-2.09484982e-1	  9.78138145e1	  2.07956169e1	-2.08788847e-2	
  2.36000000e0	 -2.66000195e2	 -7.29082491e1	-2.10110784e-1	  9.78007814e1	  2.08568249e1	-2.08035825e-2	
  2.37000000e0	 -2.65022219e2	 -7.26995283e1	-2.10734327e-1	  9.77877573e1	  2.09178038e1	-2.07282785e-2	
  2.38000000e0	 -2.64044374e2	 -7.24901982e1	-2.11355611e-1	  9.77747425e1	  2.09785537e1	-2.06529727e-2	
  2.39000000e0	 -2.63066660e2	 -7.22802612e1	-2.11974635e-1	  9.77617375e1	  2.10390746e1	-2.05776652e-2	
  2.40000000e0	 -2.62089075e2	 -7.20697196e1	-2.12591400e-1	  9.77487428e1	  2.10993666e1	-2.05023559e-2	
  2.41000000e0	 -2.61111620e2	 -7.18585756e1	-2.13205906e-1	  9.77357586e1	  2.11594298e1	-2.04270450e-2	
  2.42000000e0	 -2.60134295e2	 -7.16468316e1	-2.13818152e-1	  9.77227855e1	  2.12192642e1	-2.03517323e-2	
  2.43000000e0	 -2.59157099e2	 -7.14344898e1	-2.14428140e-1	  9.77098239e1	  2.12788699e1	-2.02764180e-2	
  2.44000000e0	 -2.58180033e2	 -7.12215525e1	-2.15035867e-1	  9.76968741e1	  2.13382470e1	-2.02011020e-2	
  2.45000000e0	 -2.57203097e2	 -7.10080220e1	-2.15641335e-1	  9.76839365e1	  2.13973954e1	-2.01257844e-2	
  2.46000000e0	 -2.56226290e2	 -7.07939006e1	-2.16244544e-1	  9.76710117e1	  2.14563153e1	-2.00504652e-2	
  2.47000000e0	 -2.55249612e2	 -7.05791906e1	-2.16845493e-1	  9.76580999e1	  2.15150067e1	-1.99751443e-2	
  2.48000000e0	 -2.54273063e2	 -7.03638942e1	-2.17444182e-1	  9.76452016e1	  2.15734697e1	-1.98998219e-2	
  2.49000000e0	 -2.53296643e2	 -7.01480138e1	-2.18040612e-1	  9.76323172e1	  2.16317044e1	-1.98244979e-2	
  2.50000000e0	 -2.52320352e2	 -6.99315516e1	-2.18634782e-1	  9.76194470e1	  2.16897108e1	-1.97491724e-2	
  2.50999999e0	 -2.51344190e2	 -6.97145099e1	-2.19226692e-1	  9.76065916e1	  2.17474889e1	-1.96738454e-2	
  2.52000000e0	 -2.50368156e2	 -6.94968910e1	-2.19816343e-1	  9.75937512e1	  2.18050389e1	-1.95985168e-2	
  2.52999999e0	 -2.49392251e2	 -6.92786972e1	-2.20403733e-1	  9.75809263e1	  2.18623608e1	-1.95231867e-2	
  2.54000000e0	 -2.48416474e2	 -6.90599307e1	-2.20988864e-1	  9.75681172e1	  2.19194546e1	-1.94478552e-2	
  2.54999999e0	 -2.47440824e2	 -6.88405938e1	-2.21571735e-1	  9.75553244e1	  2.19763205e1	-1.93725222e-2	
  2.56000000e0	 -2.46465303e2	 -6.86206889e1	-2.22152345e-1	  9.75425483e1	  2.20329584e1	-1.92971878e-2	
  2.56999999e0	 -2.45489910e2	 -6.84002181e1	-2.22730696e-1	  9.75297892e1	  2.20893685e1	-1.92218519e-2	
  2.58000000e0	 -2.44514644e2	 -6.81791839e1	-2.23306786e-1	  9.75170476e1	  2.21455509e1	-1.91465147e-2	
  2.59000000e0	 -2.43539505e2	 -6.79575883e1	-2.23880617e-1	  9.75043237e1	  2.22015054e1	-1.90711760e-2	
  2.60000000e0	 -2.42564493e2	 -6.77354338e1	-2.24452187e-1	  9.74916181e1	  2.22572324e1	-1.89958360e-2	
  2.61000000e0	 -2.41589609e2	 -6.75127226e1	-2.25021497e-1	  9.74789310e1	  2.23127317e1	-1.89204946e-2	
  2.62000000e0	 -2.40614851e2	 -6.72894570e1	-2.25588547e-1	  9.74662629e1	  2.23680035e1	-1.88451518e-2	
  2.63000000e0	 -2.39640220e2	 -6.70656392e1	-2.26153336e-1	  9.74536142e1	  2.24230479e1	-1.87698078e-2	
  2.64000000e0	 -2.38665716e2	 -6.68412715e1	-2.26715866e-1	  9.74409851e1	  2.24778648e1	-1.86944624e-2	
  2.65000000e0	 -2.37691337e2	 -6.66163562e1	-2.27276134e-1	  9.74283762e1	  2.25324545e1	-1.86191157e-2	
  2.66000000e0	 -2.36717085e2	 -6.63908956e1	-2.27834143e-1	  9.74157877e1	  2.25868168e1	-1.85437678e-2	
  2.67000000e0	 -2.35742959e2	 -6.61648920e1	-2.28389891e-1	  9.74032201e1	  2.26409519e1	-1.84684185e-2	
  2.68000000e0	 -2.34768958e2	 -6.59383476e1	-2.28943378e-1	  9.73906737e1	  2.26948599e1	-1.83930681e-2	
  2.69000000e0	 -2.33795083e2	 -6.57112646e1	-2.29494605e-1	  9.73781489e1	  2.27485408e1	-1.83177164e-2	
  2.70000000e0	 -2.32821332e2	 -6.54836454e1	-2.30043571e-1	  9.73656460e1	  2.28019947e1	-1.82423634e-2	
  2.71000000e0	 -2.31847707e2	 -6.52554923e1	-2.30590277e-1	  9.73531655e1	  2.28552217e1	-1.81670093e-2	
  2.72000000e0	 -2.30874207e2	 -6.50268074e1	-2.31134722e-1	  9.73407076e1	  2.29082217e1	-1.80916540e-2	
  2.73000000e0	 -2.29900831e2	 -6.47975931e1	-2.31676907e-1	  9.73282729e1	  2.29609950e1	-1.80162975e-2	
  2.74000000e0	 -2.28927579e2	 -6.45678517e1	-2.32216830e-1	  9.73158615e1	  2.30135415e1	-1.79409399e-2	
  2.75000000e0	 -2.27954451e2	 -6.43375853e1	-2.32754493e-1	  9.73034739e1	  2.30658613e1	-1.78655811e-2	
  2.76000000e0	 -2.26981447e2	 -6.41067963e1	-2.33289896e-1	  9.72911104e1	  2.31179545e1	-1.77902212e-2	
  2.77000000e0	 -2.26008567e2	 -6.38754870e1	-2.33823037e-1	  9.72787715e1	  2.31698211e1	-1.77148601e-2	
  2.78000000e0	 -2.25035810e2	 -6.36436595e1	-2.34353918e-1	  9.72664573e1	  2.32214613e1	-1.76394980e-2	
  2.79000000e0	 -2.24063176e2	 -6.34113162e1	-2.34882537e-1	  9.72541684e1	  2.32728750e1	-1.75641348e-2	
  2.80000000e0	 -2.23090665e2	 -6.31784594e1	-2.35408896e-1	  9.72419051e1	  2.33240623e1	-1.74887705e-2	
  2.81000000e0	 -2.22118277e2	 -6.29450912e1	-2.35932994e-1	  9.72296676e1	  2.33750234e1	-1.74134051e-2	
  2.82000000e0	 -2.21146011e2	 -6.27112140e1	-2.36454831e-1	  9.72174564e1	  2.34257583e1	-1.73380387e-2	
  2.83000000e0	 -2.20173867e2	 -6.24768300e1	-2.36974407e-1	  9.72052719e1	  2.34762669e1	-1.72626713e-2	
  2.84000000e0	 -2.19201844e2	 -6.22419415e1	-2.37491722e-1	  9.71931142e1	  2.35265495e1	-1.71873029e-2	
  2.85000000e0	 -2.18229944e2	 -6.20065507e1	-2.38006776e-1	  9.71809839e1	  2.35766061e1	-1.71119334e-2	
  2.86000000e0	 -2.17258164e2	 -6.17706599e1	-2.38519568e-1	  9.71688812e1	  2.36264367e1	-1.70365629e-2	
  2.87000000e0	 -2.16286506e2	 -6.15342714e1	-2.39030100e-1	  9.71568065e1	  2.36760414e1	-1.69611915e-2	
  2.88000000e0	 -2.15314968e2	 -6.12973874e1	-2.39538370e-1	  9.71447601e1	  2.37254203e1	-1.68858191e-2	
  2.89000000e0	 -2.14343550e2	 -6.10600102e1	-2.40044380e-1	  9.71327424e1	  2.37745734e1	-1.68104458e-2	
  2.90000000e0	 -2.13372253e2	 -6.08221420e1	-2.40548128e-1	  9.71207537e1	  2.38235008e1	-1.67350715e-2	
  2.91000000e0	 -2.12401075e2	 -6.05837851e1	-2.41049615e-1	  9.71087943e1	  2.38722026e1	-1.66596963e-2	
  2.92000000e0	 -2.11430017e2	 -6.03449417e1	-2.41548840e-1	  9.70968646e1	  2.39206788e1	-1.65843201e-2	
  2.93000000e0	 -2.10459078e2	 -6.01056142e1	-2.42045804e-1	  9.70849649e1	  2.39689295e1	-1.65089431e-2	
  2.94000000e0	 -2.09488258e2	 -5.98658047e1	-2.42540507e-1	  9.70730955e1	  2.40169548e1	-1.64335652e-2	
  2.95000000e0	 -2.08517557e2	 -5.96255155e1	-2.43032949e-1	  9.70612568e1	  2.40647547e1	-1.63581864e-2	
  2.96000000e0	 -2.07546974e2	 -5.93847488e1	-2.43523129e-1	  9.70494491e1	  2.41123293e1	-1.62828067e-2	
  2.97000000e0	 -2.06576509e2	 -5.91435070e1	-2.44011048e-1	  9.70376726e1	  2.41596787e1	-1.62074262e-2	
  2.98000000e0	 -2.05606161e2	 -5.89017923e1	-2.44496705e-1	  9.70259279e1	  2.42068029e1	-1.61320448e-2	
  2.99000000e0	 -2.04635931e2	 -5.86596069e1	-2.44980101e-1	  9.70142151e1	  2.42537020e1	-1.60566626e-2	
  3.00000000e0	 -2.03665818e2	 -5.84169530e1	-2.45461236e-1	  9.70025345e1	  2.43003761e1	-1.59812796e-2	
  3.01000000e0	 -2.02695822e2	 -5.81738330e1	-2.45940109e-1	  9.69908866e1	  2.43468252e1	-1.59058958e-2	
  3.02000000e0	 -2.01725942e2	 -5.79302490e1	-2.46416720e-1	  9.69792716e1	  2.43930494e1	-1.58305112e-2	
  3.03000000e0	 -2.00756179e2	 -5.76862034e1	-2.46891070e-1	  9.69676899e1	  2.44390488e1	-1.57551258e-2	
  3.04000000e0	 -1.99786531e2	 -5.74416983e1	-2.47363159e-1	  9.69561417e1	  2.44848234e1	-1.56797396e-2	
  3.05000000e0	 -1.98816998e2	 -5.71967361e1	-2.47832986e-1	  9.69446274e1	  2.45303733e1	-1.56043527e-2	
  3.06000000e0	 -1.97847580e2	 -5.69513189e1	-2.48300551e-1	  9.69331472e1	  2.45756985e1	-1.55289650e-2	
  3.07000000e0	 -1.96878278e2	 -5.67054490e1	-2.48765854e-1	  9.69217016e1	  2.46207992e1	-1.54535766e-2	
  3.08000000e0	 -1.95909089e2	 -5.64591287e1	-2.49228896e-1	  9.69102907e1	  2.46656754e1	-1.53781874e-2	
  3.09000000e0	 -1.94940015e2	 -5.62123602e1	-2.49689676e-1	  9.68989150e1	  2.47103271e1	-1.53027975e-2	
  3.10000000e0	 -1.93971054e2	 -5.59651457e1	-2.50148195e-1	  9.68875746e1	  2.47547544e1	-1.52274069e-2	
  3.11000000e0	 -1.93002206e2	 -5.57174875e1	-2.50604452e-1	  9.68762700e1	  2.47989575e1	-1.51520157e-2	
  3.12000000e0	 -1.92033472e2	 -5.54693879e1	-2.51058447e-1	  9.68650014e1	  2.48429363e1	-1.50766237e-2	
  3.13000000e0	 -1.91064850e2	 -5.52208490e1	-2.51510180e-1	  9.68537692e1	  2.48866909e1	-1.50012311e-2	
  3.14000000e0	 -1.90096340e2	 -5.49718731e1	-2.51959651e-1	  9.68425735e1	  2.49302214e1	-1.49258378e-2	
  3.15000000e0	 -1.89127943e2	 -5.47224625e1	-2.52406861e-1	  9.68314148e1	  2.49735278e1	-1.48504438e-2	
  3.16000000e0	 -1.88159656e2	 -5.44726193e1	-2.52851809e-1	  9.68202933e1	  2.50166103e1	-1.47750492e-2	
  3.17000000e0	 -1.87191481e2	 -5.42223460e1	-2.53294495e-1	  9.68092093e1	  2.50594688e1	-1.46996539e-2	
  3.18000000e0	 -1.86223417e2	 -5.39716445e1	-2.53734919e-1	  9.67981631e1	  2.51021035e1	-1.46242581e-2	
  3.19000000e0	 -1.85255463e2	 -5.37205173e1	-2.54173081e-1	  9.67871551e1	  2.51445144e1	-1.45488616e-2	
  3.20000000e0	 -1.84287618e2	 -5.34689666e1	-2.54608982e-1	  9.67761854e1	  2.51867015e1	-1.44734645e-2	
  3.21000000e0	 -1.83319884e2	 -5.32169945e1	-2.55042620e-1	  9.67652543e1	  2.52286650e1	-1.43980668e-2	
  3.22000000e0	 -1.82352259e2	 -5.29646034e1	-2.55473997e-1	  9.67543623e1	  2.52704050e1	-1.43226685e-2	
  3.23000000e0	 -1.81384742e2	 -5.27117954e1	-2.55903111e-1	  9.67435095e1	  2.53119213e1	-1.42472696e-2	
  3.24000000e0	 -1.80417334e2	 -5.24585728e1	-2.56329964e-1	  9.67326962e1	  2.53532142e1	-1.41718702e-2	
  3.25000000e0	 -1.79450034e2	 -5.22049379e1	-2.56754555e-1	  9.67219228e1	  2.53942837e1	-1.40964702e-2	
  3.26000000e0	 -1.78482842e2	 -5.19508928e1	-2.57176883e-1	  9.67111894e1	  2.54351299e1	-1.40210697e-2	
  3.27000000e0	 -1.77515757e2	 -5.16964398e1	-2.57596950e-1	  9.67004964e1	  2.54757528e1	-1.39456686e-2	
  3.28000000e0	 -1.76548778e2	 -5.14415811e1	-2.58014754e-1	  9.66898441e1	  2.55161525e1	-1.38702669e-2	
  3.29000000e0	 -1.75581906e2	 -5.11863190e1	-2.58430297e-1	  9.66792327e1	  2.55563290e1	-1.37948648e-2	
  3.30000000e0	 -1.74615141e2	 -5.09306557e1	-2.58843577e-1	  9.66686625e1	  2.55962825e1	-1.37194621e-2	
  3.31000000e0	 -1.73648480e2	 -5.06745934e1	-2.59254596e-1	  9.66581338e1	  2.56360129e1	-1.36440590e-2	
  3.32000000e0	 -1.72681925e2	 -5.04181344e1	-2.59663352e-1	  9.66476468e1	  2.56755204e1	-1.35686553e-2	
  3.33000000e0	 -1.71715475e2	 -5.01612808e1	-2.60069846e-1	  9.66372019e1	  2.57148050e1	-1.34932511e-2	
  3.34000000e0	 -1.70749129e2	 -4.99040350e1	-2.60474078e-1	  9.66267993e1	  2.57538667e1	-1.34178465e-2	
  3.35000000e0	 -1.69782887e2	 -4.96463990e1	-2.60876048e-1	  9.66164392e1	  2.57927057e1	-1.33424414e-2	
  3.36000000e0	 -1.68816748e2	 -4.93883753e1	-2.61275755e-1	  9.66061219e1	  2.58313220e1	-1.32670358e-2	
  3.37000000e0	 -1.67850713e2	 -4.91299660e1	-2.61673201e-1	  9.65958478e1	  2.58697156e1	-1.31916297e-2	
  3.38000000e0	 -1.66884780e2	 -4.88711732e1	-2.62068384e-1	  9.65856169e1	  2.59078866e1	-1.31162232e-2	
  3.39000000e0	 -1.65918949e2	 -4.86119994e1	-2.62461305e-1	  9.65754297e1	  2.59458352e1	-1.30408163e-2	
  3.40000000e0	 -1.64953220e2	 -4.83524466e1	-2.62851964e-1	  9.65652864e1	  2.59835612e1	-1.29654089e-2	
  3.41000000e0	 -1.63987593e2	 -4.80925171e1	-2.63240361e-1	  9.65551872e1	  2.60210649e1	-1.28900011e-2	
  3.42000000e0	 -1.63022066e2	 -4.78322131e1	-2.63626496e-1	  9.65451323e1	  2.60583463e1	-1.28145929e-2	
  3.43000000e0	 -1.62056640e2	 -4.75715368e1	-2.64010368e-1	  9.65351221e1	  2.60954053e1	-1.27391843e-2	
  3.44000000e0	 -1.61091313e2	 -4.73104905e1	-2.64391978e-1	  9.65251569e1	  2.61322422e1	-1.26637752e-2	
  3.45000000e0	 -1.60126087e2	 -4.70490764e1	-2.64771325e-1	  9.65152367e1	  2.61688569e1	-1.25883658e-2	
  3.46000000e0	 -1.59160959e2	 -4.67872967e1	-2.65148411e-1	  9.65053619e1	  2.62052495e1	-1.25129560e-2	
  3.47000000e0	 -1.58195930e2	 -4.65251537e1	-2.65523234e-1	  9.64955328e1	  2.62414201e1	-1.24375458e-2	
  3.48000000e0	 -1.57230999e2	 -4.62626495e1	-2.65895795e-1	  9.64857496e1	  2.62773688e1	-1.23621352e-2	
  3.49000000e0	 -1.56266166e2	 -4.59997863e1	-2.66266093e-1	  9.64760125e1	  2.63130955e1	-1.22867242e-2	
  3.50000000e0	 -1.55301430e2	 -4.57365665e1	-2.66634129e-1	  9.64663218e1	  2.63486004e1	-1.22113129e-2	
  3.51000000e0	 -1.54336791e2	 -4.54729921e1	-2.66999903e-1	  9.64566777e1	  2.63838835e1	-1.21359012e-2	
  3.52000000e0	 -1.53372248e2	 -4.52090655e1	-2.67363415e-1	  9.64470805e1	  2.64189448e1	-1.20604892e-2	
  3.53000000e0	 -1.52407801e2	 -4.49447888e1	-2.67724664e-1	  9.64375304e1	  2.64537845e1	-1.19850769e-2	
  3.54000000e0	 -1.51443450e2	 -4.46801643e1	-2.68083650e-1	  9.64280276e1	  2.64884026e1	-1.19096642e-2	
  3.55000000e0	 -1.50479193e2	 -4.44151941e1	-2.68440375e-1	  9.64185724e1	  2.65227991e1	-1.18342511e-2	
  3.56000000e0	 -1.49515031e2	 -4.41498805e1	-2.68794837e-1	  9.64091651e1	  2.65569742e1	-1.17588378e-2	
  3.57000000e0	 -1.48550963e2	 -4.38842258e1	-2.69147036e-1	  9.63998057e1	  2.65909278e1	-1.16834241e-2	
  3.58000000e0	 -1.47586988e2	 -4.36182320e1	-2.69496973e-1	  9.63904947e1	  2.66246601e1	-1.16080101e-2	
  3.59000000e0	 -1.46623106e2	 -4.33519015e1	-2.69844648e-1	  9.63812321e1	  2.66581710e1	-1.15325959e-2	
  3.60000000e0	 -1.45659317e2	 -4.30852364e1	-2.70190060e-1	  9.63720183e1	  2.66914606e1	-1.14571813e-2	
  3.61000000e0	 -1.44695620e2	 -4.28182390e1	-2.70533210e-1	  9.63628535e1	  2.67245291e1	-1.13817664e-2	
  3.62000000e0	 -1.43732014e2	 -4.25509115e1	-2.70874098e-1	  9.63537378e1	  2.67573764e1	-1.13063513e-2	
  3.63000000e0	 -1.42768499e2	 -4.22832560e1	-2.71212722e-1	  9.63446716e1	  2.67900027e1	-1.12309358e-2	
  3.64000000e0	 -1.41805075e2	 -4.20152748e1	-2.71549085e-1	  9.63356550e1	  2.68224079e1	-1.11555201e-2	
  3.65000000e0	 -1.40841741e2	 -4.17469702e1	-2.71883185e-1	  9.63266882e1	  2.68545921e1	-1.10801041e-2	
  3.66000000e0	 -1.39878497e2	 -4.14783442e1	-2.72215022e-1	  9.63177716e1	  2.68865555e1	-1.10046879e-2	
  3.67000000e0	 -1.38915341e2	 -4.12093991e1	-2.72544597e-1	  9.63089052e1	  2.69182979e1	-1.09292714e-2	
  3.68000000e0	 -1.37952274e2	 -4.09401372e1	-2.72871910e-1	  9.63000894e1	  2.69498196e1	-1.08538547e-2	
  3.69000000e0	 -1.36989295e2	 -4.06705606e1	-2.73196960e-1	  9.62913242e1	  2.69811205e1	-1.07784377e-2	
  3.70000000e0	 -1.36026404e2	 -4.04006716e1	-2.73519747e-1	  9.62826100e1	  2.70122008e1	-1.07030204e-2	
  3.71000000e0	 -1.35063599e2	 -4.01304723e1	-2.73840272e-1	  9.62739470e1	  2.70430604e1	-1.06276030e-2	
  3.72000000e0	 -1.34100881e2	 -3.98599649e1	-2.74158535e-1	  9.62653354e1	  2.70736994e1	-1.05521853e-2	
  3.73000000e0	 -1.33138250e2	 -3.95891518e1	-2.74474535e-1	  9.62567753e1	  2.71041179e1	-1.04767673e-2	
  3.74000000e0	 -1.32175703e2	 -3.93180350e1	-2.74788272e-1	  9.62482669e1	  2.71343159e1	-1.04013492e-2	
  3.75000000e0	 -1.31213242e2	 -3.90466167e1	-2.75099747e-1	  9.62398106e1	  2.71642935e1	-1.03259308e-2	
  3.76000000e0	 -1.30250865e2	 -3.87748992e1	-2.75408959e-1	  9.62314065e1	  2.71940507e1	-1.02505123e-2	
  3.77000000e0	 -1.29288571e2	 -3.85028848e1	-2.75715909e-1	  9.62230547e1	  2.72235876e1	-1.01750935e-2	
  3.78000000e0	 -1.28326362e2	 -3.82305755e1	-2.76020596e-1	  9.62147556e1	  2.72529043e1	-1.00996745e-2	
  3.79000000e0	 -1.27364235e2	 -3.79579735e1	-2.76323021e-1	  9.62065093e1	  2.72820008e1	-1.00242554e-2	
  3.80000000e0	 -1.26402190e2	 -3.76850812e1	-2.76623183e-1	  9.61983159e1	  2.73108771e1	-9.94883605e-3	
  3.81000000e0	 -1.25440227e2	 -3.74119006e1	-2.76921082e-1	  9.61901757e1	  2.73395333e1	-9.87341650e-3	
  3.82000000e0	 -1.24478346e2	 -3.71384341e1	-2.77216719e-1	  9.61820890e1	  2.73679694e1	-9.79799678e-3	
  3.83000000e0	 -1.23516545e2	 -3.68646837e1	-2.77510093e-1	  9.61740558e1	  2.73961856e1	-9.72257687e-3	
  3.84000000e0	 -1.22554825e2	 -3.65906517e1	-2.77801205e-1	  9.61660763e1	  2.74241818e1	-9.64715680e-3	
  3.85000000e0	 -1.21593184e2	 -3.63163403e1	-2.78090054e-1	  9.61581509e1	  2.74519582e1	-9.57173656e-3	
  3.86000000e0	 -1.20631622e2	 -3.60417517e1	-2.78376641e-1	  9.61502796e1	  2.74795147e1	-9.49631615e-3	
  3.87000000e0	 -1.19670139e2	 -3.57668881e1	-2.78660964e-1	  9.61424626e1	  2.75068514e1	-9.42089559e-3	
  3.88000000e0	 -1.18708733e2	 -3.54917517e1	-2.78943026e-1	  9.61347002e1	  2.75339683e1	-9.34547487e-3	
  3.89000000e0	 -1.17747406e2	 -3.52163446e1	-2.79222824e-1	  9.61269924e1	  2.75608656e1	-9.27005400e-3	
  3.90000000e0	 -1.16786155e2	 -3.49406691e1	-2.79500360e-1	  9.61193396e1	  2.75875432e1	-9.19463298e-3	
  3.91000000e0	 -1.15824981e2	 -3.46647274e1	-2.79775633e-1	  9.61117418e1	  2.76140013e1	-9.11921182e-3	
  3.92000000e0	 -1.14863882e2	 -3.43885216e1	-2.80048644e-1	  9.61041993e1	  2.76402398e1	-9.04379052e-3	
  3.93000000e0	 -1.13902859e2	 -3.41120541e1	-2.80319392e-1	  9.60967123e1	  2.76662588e1	-8.96836909e-3	
  3.94000000e0	 -1.12941910e2	 -3.38353268e1	-2.80587878e-1	  9.60892808e1	  2.76920584e1	-8.89294753e-3	
  3.95000000e0	 -1.11981036e2	 -3.35583422e1	-2.80854100e-1	  9.60819052e1	  2.77176385e1	-8.81752584e-3	
  3.96000000e0	 -1.11020235e2	 -3.32811022e1	-2.81118061e-1	  9.60745855e1	  2.77429994e1	-8.74210402e-3	
  3.97000000e0	 -1.10059508e2	 -3.30036092e1	-2.81379758e-1	  9.60673219e1	  2.77681409e1	-8.66668209e-3	
  3.98000000e0	 -1.09098852e2	 -3.27258654e1	-2.81639193e-1	  9.60601147e1	  2.77930632e1	-8.59126004e-3	
  3.99000000e0	 -1.08138269e2	 -3.24478729e1	-2.81896365e-1	  9.60529639e1	  2.78177662e1	-8.51583788e-3	
  4.00000000e0	 -1.07177757e2	 -3.21696339e1	-2.82151274e-1	  9.60458697e1	  2.78422501e1	-8.44041562e-3	
  4.01000000e0	 -1.06217316e2	 -3.18911506e1	-2.82403921e-1	  9.60388324e1	  2.78665149e1	-8.36499324e-3	
  4.01999999e0	 -1.05256945e2	 -3.16124252e1	-2.82654305e-1	  9.60318521e1	  2.78905607e1	-8.28957077e-3	
  4.03000000e0	 -1.04296644e2	 -3.13334598e1	-2.82902427e-1	  9.60249289e1	  2.79143874e1	-8.21414820e-3	
  4.04000000e0	 -1.03336412e2	 -3.10542568e1	-2.83148286e-1	  9.60180630e1	  2.79379951e1	-8.13872554e-3	
  4.05000000e0	 -1.02376249e2	 -3.07748183e1	-2.83391882e-1	  9.60112545e1	  2.79613839e1	-8.06330278e-3	
  4.05999999e0	 -1.01416153e2	 -3.04951464e1	-2.83633215e-1	  9.60045037e1	  2.79845538e1	-7.98787994e-3	
  4.07000000e0	 -1.00456125e2	 -3.02152433e1	-2.83872286e-1	  9.59978107e1	  2.80075049e1	-7.91245701e-3	
  4.08000000e0	 -9.94961636e1	 -2.99351113e1	-2.84109094e-1	  9.59911756e1	  2.80302371e1	-7.83703400e-3	
  4.09000000e0	 -9.85362683e1	 -2.96547525e1	-2.84343639e-1	  9.59845986e1	  2.80527506e1	-7.76161092e-3	
  4.09999999e0	 -9.75764387e1	 -2.93741691e1	-2.84575922e-1	  9.59780798e1	  2.80750454e1	-7.68618776e-3	
  4.11000000e0	 -9.66166741e1	 -2.90933633e1	-2.84805942e-1	  9.59716195e1	  2.80971216e1	-7.61076453e-3	
  4.12000000e0	 -9.56569739e1	 -2.88123373e1	-2.85033699e-1	  9.59652177e1	  2.81189791e1	-7.53534123e-3	
  4.13000000e0	 -9.46973376e1	 -2.85310933e1	-2.85259194e-1	  9.59588746e1	  2.81406180e1	-7.45991787e-3	
  4.13999999e0	 -9.37377646e1	 -2.82496334e1	-2.85482425e-1	  9.59525903e1	  2.81620384e1	-7.38449444e-3	
  4.15000000e0	 -9.27782543e1	 -2.79679599e1	-2.85703395e-1	  9.59463650e1	  2.81832402e1	-7.30907096e-3	
  4.16000000e0	 -9.18188061e1	 -2.76860749e1	-2.85922101e-1	  9.59401988e1	  2.82042237e1	-7.23364742e-3	
  4.17000000e0	 -9.08594194e1	 -2.74039806e1	-2.86138545e-1	  9.59340920e1	  2.82249887e1	-7.15822383e-3	
  4.18000000e0	 -8.99000937e1	 -2.71216792e1	-2.86352726e-1	  9.59280445e1	  2.82455353e1	-7.08280019e-3	
  4.19000000e0	 -8.89408282e1	 -2.68391729e1	-2.86564644e-1	  9.59220566e1	  2.82658636e1	-7.00737650e-3	
  4.20000000e0	 -8.79816225e1	 -2.65564639e1	-2.86774300e-1	  9.59161284e1	  2.82859735e1	-6.93195277e-3	
  4.21000000e0	 -8.70224760e1	 -2.62735543e1	-2.86981693e-1	  9.59102600e1	  2.83058652e1	-6.85652900e-3	
  4.22000000e0	 -8.60633879e1	 -2.59904463e1	-2.87186823e-1	  9.59044516e1	  2.83255387e1	-6.78110519e-3	
  4.23000000e0	 -8.51043578e1	 -2.57071421e1	-2.87389690e-1	  9.58987033e1	  2.83449941e1	-6.70568135e-3	
  4.24000000e0	 -8.41453850e1	 -2.54236440e1	-2.87590295e-1	  9.58930153e1	  2.83642312e1	-6.63025747e-3	
  4.25000000e0	 -8.31864690e1	 -2.51399540e1	-2.87788637e-1	  9.58873876e1	  2.83832503e1	-6.55483357e-3	
  4.26000000e0	 -8.22276091e1	 -2.48560743e1	-2.87984716e-1	  9.58818203e1	  2.84020513e1	-6.47940964e-3	
  4.26999999e0	 -8.12688047e1	 -2.45720072e1	-2.88178533e-1	  9.58763137e1	  2.84206342e1	-6.40398569e-3	
  4.28000000e0	 -8.03100552e1	 -2.42877548e1	-2.88370087e-1	  9.58708679e1	  2.84389992e1	-6.32856171e-3	
  4.29000000e0	 -7.93513600e1	 -2.40033193e1	-2.88559378e-1	  9.58654829e1	  2.84571462e1	-6.25313772e-3	
  4.30000000e0	 -7.83927185e1	 -2.37187029e1	-2.88746407e-1	  9.58601590e1	  2.84750753e1	-6.17771372e-3	
  4.30999999e0	 -7.74341301e1	 -2.34339078e1	-2.88931172e-1	  9.58548961e1	  2.84927864e1	-6.10228970e-3	
  4.32000000e0	 -7.64755942e1	 -2.31489360e1	-2.89113675e-1	  9.58496945e1	  2.85102798e1	-6.02686568e-3	
  4.33000000e0	 -7.55171102e1	 -2.28637899e1	-2.89293916e-1	  9.58445542e1	  2.85275553e1	-5.95144165e-3	
  4.34000000e0	 -7.45586773e1	 -2.25784716e1	-2.89471893e-1	  9.58394755e1	  2.85446130e1	-5.87601762e-3	
  4.34999999e0	 -7.36002952e1	 -2.22929832e1	-2.89647608e-1	  9.58344583e1	  2.85614530e1	-5.80059359e-3	
  4.36000000e0	 -7.26419630e1	 -2.20073270e1	-2.89821060e-1	  9.58295028e1	  2.85780753e1	-5.72516957e-3	
  4.37000000e0	 -7.16836803e1	 -2.17215051e1	-2.89992250e-1	  9.58246091e1	  2.85944798e1	-5.64974555e-3	
  4.38000000e0	 -7.07254463e1	 -2.14355197e1	-2.90161176e-1	  9.58197774e1	  2.86106668e1	-5.57432155e-3	
  4.38999999e0	 -6.97672605e1	 -2.11493729e1	-2.90327840e-1	  9.58150077e1	  2.86266361e1	-5.49889755e-3	
  4.40000000e0	 -6.88091222e1	 -2.08630671e1	-2.90492242e-1	  9.58103001e1	  2.86423878e1	-5.42347358e-3	
  4.41000000e0	 -6.78510309e1	 -2.05766042e1	-2.90654380e-1	  9.58056548e1	  2.86579219e1	-5.34804962e-3	
  4.42000000e0	 -6.68929858e1	 -2.02899866e1	-2.90814256e-1	  9.58010719e1	  2.86732386e1	-5.27262569e-3	
  4.43000000e0	 -6.59349864e1	 -2.00032163e1	-2.90971869e-1	  9.57965514e1	  2.86883377e1	-5.19720179e-3	
  4.44000000e0	 -6.49770321e1	 -1.97162956e1	-2.91127219e-1	  9.57920935e1	  2.87032194e1	-5.12177792e-3	
  4.45000000e0	 -6.40191222e1	 -1.94292266e1	-2.91280307e-1	  9.57876983e1	  2.87178837e1	-5.04635408e-3	
  4.46000000e0	 -6.30612561e1	 -1.91420115e1	-2.91431132e-1	  9.57833658e1	  2.87323305e1	-4.97093029e-3	
  4.47000000e0	 -6.21034331e1	 -1.88546525e1	-2.91579694e-1	  9.57790962e1	  2.87465600e1	-4.89550653e-3	
  4.48000000e0	 -6.11456527e1	 -1.85671517e1	-2.91725994e-1	  9.57748896e1	  2.87605721e1	-4.82008283e-3	
  4.49000000e0	 -6.01879142e1	 -1.82795114e1	-2.91870030e-1	  9.57707460e1	  2.87743669e1	-4.74465918e-3	
  4.50000000e0	 -5.92302170e1	 -1.79917336e1	-2.92011805e-1	  9.57666656e1	  2.87879445e1	-4.66923558e-3	
  4.51000000e0	 -5.82725604e1	 -1.77038206e1	-2.92151316e-1	  9.57626484e1	  2.88013047e1	-4.59381205e-3	
  4.51999999e0	 -5.73149439e1	 -1.74157746e1	-2.92288565e-1	  9.57586946e1	  2.88144477e1	-4.51838858e-3	
  4.53000000e0	 -5.63573667e1	 -1.71275977e1	-2.92423551e-1	  9.57548042e1	  2.88273736e1	-4.44296518e-3	
  4.54000000e0	 -5.53998282e1	 -1.68392920e1	-2.92556274e-1	  9.57509773e1	  2.88400822e1	-4.36754187e-3	
  4.55000000e0	 -5.44423279e1	 -1.65508598e1	-2.92686734e-1	  9.57472140e1	  2.88525737e1	-4.29211863e-3	
  4.55999999e0	 -5.34848651e1	 -1.62623033e1	-2.92814932e-1	  9.57435143e1	  2.88648480e1	-4.21669549e-3	
  4.57000000e0	 -5.25274391e1	 -1.59736245e1	-2.92940868e-1	  9.57398785e1	  2.88769053e1	-4.14127244e-3	
  4.58000000e0	 -5.15700492e1	 -1.56848257e1	-2.93064540e-1	  9.57363065e1	  2.88887454e1	-4.06584950e-3	
  4.59000000e0	 -5.06126950e1	 -1.53959091e1	-2.93185950e-1	  9.57327984e1	  2.89003686e1	-3.99042667e-3	
  4.59999999e0	 -4.96553757e1	 -1.51068768e1	-2.93305097e-1	  9.57293543e1	  2.89117746e1	-3.91500395e-3	
  4.61000000e0	 -4.86980906e1	 -1.48177309e1	-2.93421981e-1	  9.57259743e1	  2.89229637e1	-3.83958136e-3	
  4.62000000e0	 -4.77408392e1	 -1.45284737e1	-2.93536603e-1	  9.57226585e1	  2.89339358e1	-3.76415891e-3	
  4.63000000e0	 -4.67836208e1	 -1.42391073e1	-2.93648962e-1	  9.57194069e1	  2.89446909e1	-3.68873661e-3	
  4.63999999e0	 -4.58264347e1	 -1.39496339e1	-2.93759059e-1	  9.57162196e1	  2.89552291e1	-3.61331446e-3	
  4.65000000e0	 -4.48692804e1	 -1.36600557e1	-2.93866893e-1	  9.57130967e1	  2.89655504e1	-3.53789248e-3	
  4.66000000e0	 -4.39121571e1	 -1.33703748e1	-2.93972464e-1	  9.57100382e1	  2.89756548e1	-3.46247068e-3	
  4.67000000e0	 -4.29550642e1	 -1.30805934e1	-2.94075772e-1	  9.57070443e1	  2.89855423e1	-3.38704908e-3	
  4.68000000e0	 -4.19980011e1	 -1.27907137e1	-2.94176818e-1	  9.57041149e1	  2.89952129e1	-3.31162768e-3	
  4.69000000e0	 -4.10409672e1	 -1.25007378e1	-2.94275601e-1	  9.57012502e1	  2.90046667e1	-3.23620651e-3	
  4.70000000e0	 -4.00839617e1	 -1.22106679e1	-2.94372122e-1	  9.56984502e1	  2.90139037e1	-3.16078557e-3	
  4.71000000e0	 -3.91269841e1	 -1.19205061e1	-2.94466380e-1	  9.56957150e1	  2.90229240e1	-3.08536490e-3	
  4.72000000e0	 -3.81700337e1	 -1.16302547e1	-2.94558375e-1	  9.56930446e1	  2.90317274e1	-3.00994451e-3	
  4.73000000e0	 -3.72131098e1	 -1.13399159e1	-2.94648108e-1	  9.56904392e1	  2.90403141e1	-2.93452442e-3	
  4.74000000e0	 -3.62562118e1	 -1.10494917e1	-2.94735578e-1	  9.56878986e1	  2.90486840e1	-2.85910466e-3	
  4.75000000e0	 -3.52993390e1	 -1.07589843e1	-2.94820785e-1	  9.56854231e1	  2.90568372e1	-2.78368525e-3	
  4.76000000e0	 -3.43424909e1	 -1.04683960e1	-2.94903730e-1	  9.56830127e1	  2.90647737e1	-2.70826623e-3	
  4.76999999e0	 -3.33856666e1	 -1.01777288e1	-2.94984412e-1	  9.56806674e1	  2.90724936e1	-2.63284764e-3	
  4.78000000e0	 -3.24288657e1	 -9.88698500e0	-2.95062832e-1	  9.56783872e1	  2.90799967e1	-2.55742950e-3	
  4.79000000e0	 -3.14720874e1	 -9.59616668e0	-2.95138989e-1	  9.56761723e1	  2.90872833e1	-2.48201186e-3	
  4.80000000e0	 -3.05153311e1	 -9.30527604e0	-2.95212884e-1	  9.56740226e1	  2.90943531e1	-2.40659478e-3	
  4.80999999e0	 -2.95585961e1	 -9.01431524e0	-2.95284516e-1	  9.56719383e1	  2.91012064e1	-2.33117831e-3	
  4.82000000e0	 -2.86018818e1	 -8.72328645e0	-2.95353886e-1	  9.56699193e1	  2.91078431e1	-2.25576250e-3	
  4.83000000e0	 -2.76451876e1	 -8.43219183e0	-2.95420993e-1	  9.56679657e1	  2.91142632e1	-2.18034743e-3	
  4.84000000e0	 -2.66885127e1	 -8.14103355e0	-2.95485838e-1	  9.56660776e1	  2.91204667e1	-2.10493319e-3	
  4.84999999e0	 -2.57318565e1	 -7.84981378e0	-2.95548421e-1	  9.56642550e1	  2.91264536e1	-2.02951986e-3	
  4.86000000e0	 -2.47752184e1	 -7.55853469e0	-2.95608741e-1	  9.56624979e1	  2.91322240e1	-1.95410756e-3	
  4.87000000e0	 -2.38185977e1	 -7.26719842e0	-2.95666798e-1	  9.56608064e1	  2.91377779e1	-1.87869640e-3	
  4.88000000e0	 -2.28619937e1	 -6.97580717e0	-2.95722593e-1	  9.56591805e1	  2.91431153e1	-1.80328654e-3	
  4.88999999e0	 -2.19054058e1	 -6.68436308e0	-2.95776127e-1	  9.56576203e1	  2.91482362e1	-1.72787816e-3	
  4.90000000e0	 -2.09488334e1	 -6.39286832e0	-2.95827397e-1	  9.56561257e1	  2.91531406e1	-1.65247145e-3	
  4.91000000e0	 -1.99922758e1	 -6.10132505e0	-2.95876406e-1	  9.56546968e1	  2.91578285e1	-1.57706667e-3	
  4.92000000e0	 -1.90357322e1	 -5.80973545e0	-2.95923152e-1	  9.56533337e1	  2.91623000e1	-1.50166411e-3	
  4.93000000e0	 -1.80792022e1	 -5.51810168e0	-2.95967637e-1	  9.56520363e1	  2.91665551e1	-1.42626414e-3	
  4.94000000e0	 -1.71226850e1	 -5.22642590e0	-2.96009859e-1	  9.56508048e1	  2.91705937e1	-1.35086719e-3	
  4.95000000e0	 -1.61661799e1	 -4.93471027e0	-2.96049820e-1	  9.56496390e1	  2.91744160e1	-1.27547384e-3	
  4.96000000e0	 -1.52096863e1	 -4.64295696e0	-2.96087519e-1	  9.56485391e1	  2.91780218e1	-1.20008476e-3	
  4.97000000e0	 -1.42532035e1	 -4.35116813e0	-2.96122956e-1	  9.56475050e1	  2.91814113e1	-1.12470086e-3	
  4.98000000e0	 -1.32967309e1	 -4.05934595e0	-2.96156131e-1	  9.56465369e1	  2.91845845e1	-1.04932329e-3	
  4.99000000e0	 -1.23402678e1	 -3.76749258e0	-2.96187046e-1	  9.56456346e1	  2.91875413e1	-9.73953582e-4	
  5.00000000e0	 -1.13838136e1	 -3.47561018e0	-2.96215699e-1	  9.56447983e1	  2.91902819e1	-8.98593795e-4	
  5.01000000e0	 -1.04273676e1	 -3.18370091e0	-2.96242092e-1	  9.56440278e1	  2.91928062e1	-8.23246789e-4	
  5.01999999e0	 -9.47092917e0	 -2.89176695e0	-2.96266224e-1	  9.56433233e1	  2.91951143e1	-7.47916632e-4	
  5.03000000e0	 -8.51449757e0	 -2.59981044e0	-2.96288097e-1	  9.56426847e1	  2.91972062e1	-6.72609322e-4	
  5.04000000e0	 -7.55807220e0	 -2.30783355e0	-2.96307711e-1	  9.56421120e1	  2.91990821e1	-5.97334084e-4	
  5.05000000e0	 -6.60165239e0	 -2.01583844e0	-2.96325066e-1	  9.56416052e1	  2.92007421e1	-5.22105872e-4	
  5.05999999e0	 -5.64523748e0	 -1.72382728e0	-2.96340166e-1	  9.56411643e1	  2.92021862e1	-4.46950629e-4	
  5.07000000e0	 -4.68882681e0	 -1.43180221e0	-2.96353011e-1	  9.56407892e1	  2.92034148e1	-3.71917610e-4	
  5.08000000e0	 -3.73241974e0	 -1.13976539e0	-2.96363607e-1	  9.56404797e1	  2.92044282e1	-2.97113008e-4	
  5.09000000e0	 -2.77601559e0	-8.47718983e-1	-2.96371962e-1	  9.56402357e1	  2.92052272e1	-2.22814647e-4	
  5.09999999e0	 -1.81961372e0	-5.55665112e-1	-2.96378095e-1	  9.56400566e1	  2.92058138e1	-1.50041115e-4	
  5.11000000e0	-8.63213486e-1	-2.63605897e-1	-2.96382080e-1	  9.56399402e1	  2.92061949e1	-8.70525832e-5	
  5.12000000e0	 9.31857255e-2	 2.84566765e-2	-2.96385084e-1	  9.56398525e1	  2.92064823e1	-3.67583805e-3	
