0.0000	-500.000000	-100.000000	100.000000	-0.000000	0.000000	-0.038462
0.0100	-499.000000	-99.999710	99.999931	0.115329	-0.001153	-0.038388
0.0200	-498.000000	-99.998268	99.999733	0.230436	-0.002304	-0.038314
0.0300	-497.000000	-99.995674	99.999405	0.345321	-0.003453	-0.038240
0.0400	-496.000000	-99.991936	99.998940	0.459983	-0.004600	-0.038166
0.0500	-495.000000	-99.987053	99.998352	0.574423	-0.005744	-0.038092
0.0600	-494.000000	-99.981026	99.997627	0.688640	-0.006886	-0.038018
0.0700	-493.000000	-99.973854	99.996780	0.802634	-0.008026	-0.037943
0.0800	-492.000061	-99.965546	99.995804	0.916404	-0.009164	-0.037869
0.0900	-491.000122	-99.956093	99.994698	1.029952	-0.010300	-0.037795
0.1000	-490.000183	-99.945511	99.993462	1.143275	-0.011433	-0.037721
0.1100	-489.000244	-99.933800	99.992104	1.256376	-0.012564	-0.037647
0.1200	-488.000305	-99.920959	99.990623	1.369252	-0.013693	-0.037573
0.1300	-487.000427	-99.906990	99.989021	1.481904	-0.014820	-0.037499
0.1400	-486.000549	-99.891891	99.987289	1.594332	-0.015944	-0.037425
0.1500	-485.000671	-99.875664	99.985435	1.706536	-0.017066	-0.037351
0.1600	-484.000824	-99.858322	99.983467	1.818516	-0.018186	-0.037277
0.1700	-483.001007	-99.839859	99.981369	1.930270	-0.019304	-0.037202
0.1800	-482.001190	-99.820274	99.979156	2.041800	-0.020419	-0.037128
0.1900	-481.001404	-99.799576	99.976814	2.153105	-0.021533	-0.037054
0.2000	-480.001648	-99.777771	99.974365	2.264185	-0.022644	-0.036980
0.2100	-479.001892	-99.754852	99.971794	2.375039	-0.023753	-0.036906
0.2200	-478.002197	-99.730820	99.969101	2.485668	-0.024859	-0.036832
0.2300	-477.002502	-99.705688	99.966293	2.596072	-0.025964	-0.036757
0.2400	-476.002869	-99.679459	99.963371	2.706250	-0.027066	-0.036683
0.2500	-475.003235	-99.652115	99.960335	2.816201	-0.028166	-0.036609
0.2600	-474.003632	-99.623672	99.957184	2.925927	-0.029263	-0.036535
0.2700	-473.004059	-99.594139	99.953918	3.035427	-0.030359	-0.036460
0.2800	-472.004547	-99.563515	99.950539	3.144701	-0.031452	-0.036386
0.2900	-471.005035	-99.531792	99.947052	3.253747	-0.032543	-0.036312
0.3000	-470.005585	-99.498985	99.943451	3.362568	-0.033632	-0.036238
0.3100	-469.006165	-99.465088	99.939735	3.471162	-0.034719	-0.036163
0.3200	-468.006775	-99.430107	99.935913	3.579529	-0.035803	-0.036089
0.3300	-467.007416	-99.394043	99.931984	3.687669	-0.036885	-0.036015
0.3400	-466.008087	-99.356895	99.927940	3.795582	-0.037965	-0.035940
0.3500	-465.008820	-99.318672	99.923790	3.903268	-0.039043	-0.035866
0.3600	-464.009583	-99.279373	99.919540	4.010726	-0.040118	-0.035792
0.3700	-463.010406	-99.238998	99.915176	4.117957	-0.041191	-0.035717
0.3800	-462.011261	-99.197548	99.910706	4.224961	-0.042262	-0.035643
0.3900	-461.012177	-99.155029	99.906136	4.331737	-0.043331	-0.035569
0.4000	-460.013123	-99.111443	99.901459	4.438284	-0.044397	-0.035494
0.4100	-459.014130	-99.066788	99.896683	4.544604	-0.045462	-0.035420
0.4200	-458.015167	-99.021080	99.891800	4.650696	-0.046524	-0.035346
0.4300	-457.016266	-98.974304	99.886810	4.756560	-0.047584	-0.035271
0.4400	-456.017426	-98.926476	99.881721	4.862196	-0.048641	-0.035197
0.4500	-455.018616	-98.877594	99.876541	4.967603	-0.049696	-0.035122
0.4600	-454.019867	-98.827652	99.871254	5.072782	-0.050750	-0.035048
0.4700	-453.021179	-98.776665	99.865868	5.177732	-0.051800	-0.034974
0.4800	-452.022522	-98.724625	99.860382	5.282453	-0.052849	-0.034899
0.4900	-451.023926	-98.671539	99.854797	5.386946	-0.053896	-0.034825
0.5000	-450.025391	-98.617409	99.849121	5.491210	-0.054940	-0.034750
0.5100	-449.026917	-98.562233	99.843346	5.595244	-0.055982	-0.034676
0.5200	-448.028503	-98.506020	99.837471	5.699049	-0.057021	-0.034601
0.5300	-447.030151	-98.448769	99.831505	5.802626	-0.058059	-0.034527
0.5400	-446.031860	-98.390480	99.825447	5.905972	-0.059094	-0.034452
0.5500	-445.033630	-98.331161	99.819290	6.009090	-0.060127	-0.034378
0.5600	-444.035461	-98.270813	99.813042	6.111978	-0.061158	-0.034303
0.5700	-443.037354	-98.209435	99.806702	6.214636	-0.062186	-0.034229
0.5800	-442.039307	-98.147034	99.800278	6.317065	-0.063213	-0.034154
0.5900	-441.041321	-98.083611	99.793755	6.419264	-0.064237	-0.034080
0.6000	-440.043396	-98.019165	99.787140	6.521234	-0.065259	-0.034005
0.6100	-439.045532	-97.953697	99.780441	6.622974	-0.066278	-0.033931
0.6200	-438.047760	-97.887215	99.773651	6.724483	-0.067296	-0.033856
0.6300	-437.050049	-97.819717	99.766769	6.825762	-0.068311	-0.033782
0.6400	-436.052399	-97.751213	99.759811	6.926811	-0.069324	-0.033707
0.6500	-435.054810	-97.681686	99.752754	7.027629	-0.070334	-0.033632
0.6600	-434.057312	-97.611153	99.745621	7.128218	-0.071343	-0.033558
0.6700	-433.059875	-97.539619	99.738396	7.228576	-0.072349	-0.033483
0.6800	-432.062500	-97.467087	99.731087	7.328704	-0.073353	-0.033409
0.6900	-431.065216	-97.393547	99.723701	7.428601	-0.074355	-0.033334
0.7000	-430.067993	-97.319016	99.716225	7.528267	-0.075354	-0.033259
0.7100	-429.070831	-97.243484	99.708664	7.627703	-0.076351	-0.033185
0.7200	-428.073761	-97.166962	99.701027	7.726908	-0.077346	-0.033110
0.7300	-427.076782	-97.089447	99.693306	7.825882	-0.078339	-0.033036
0.7400	-426.079865	-97.010941	99.685509	7.924625	-0.079329	-0.032961
0.7500	-425.083038	-96.931450	99.677628	8.023137	-0.080318	-0.032886
0.7600	-424.086273	-96.850975	99.669670	8.121419	-0.081304	-0.032812
0.7700	-423.089600	-96.769516	99.661629	8.219469	-0.082288	-0.032737
0.7800	-422.092987	-96.687073	99.653511	8.317287	-0.083269	-0.032662
0.7900	-421.096466	-96.603653	99.645317	8.414875	-0.084248	-0.032588
0.8000	-420.100037	-96.519257	99.637054	8.512232	-0.085225	-0.032513
0.8100	-419.103668	-96.433891	99.628708	8.609356	-0.086200	-0.032438
0.8200	-418.107422	-96.347557	99.620285	8.706250	-0.087173	-0.032364
0.8300	-417.111237	-96.260254	99.611794	8.802912	-0.088143	-0.032289
0.8400	-416.115143	-96.171982	99.603218	8.899343	-0.089111	-0.032214
0.8500	-415.119141	-96.082748	99.594582	8.995542	-0.090077	-0.032139
0.8600	-414.123199	-95.992554	99.585861	9.091509	-0.091041	-0.032065
0.8700	-413.127380	-95.901398	99.577080	9.187244	-0.092002	-0.031990
0.8800	-412.131622	-95.809288	99.568222	9.282748	-0.092961	-0.031915
0.8900	-411.135956	-95.716217	99.559296	9.378021	-0.093918	-0.031840
0.9000	-410.140381	-95.622200	99.550293	9.473061	-0.094873	-0.031766
0.9100	-409.144897	-95.527237	99.541229	9.567870	-0.095825	-0.031691
0.9200	-408.149506	-95.431328	99.532089	9.662446	-0.096775	-0.031616
0.9300	-407.154205	-95.334473	99.522888	9.756791	-0.097723	-0.031541
0.9400	-406.158997	-95.236671	99.513618	9.850904	-0.098669	-0.031467
0.9500	-405.163879	-95.137924	99.504280	9.944785	-0.099613	-0.031392
0.9600	-404.168854	-95.038246	99.494873	10.038433	-0.100554	-0.031317
0.9700	-403.173950	-94.937630	99.485405	10.131850	-0.101493	-0.031242
0.9800	-402.179108	-94.836075	99.475868	10.225035	-0.102429	-0.031168
0.9900	-401.184387	-94.733589	99.466270	10.317986	-0.103364	-0.031093
1.0000	-400.189728	-94.630180	99.456612	10.410707	-0.104296	-0.031018
1.0100	-399.195190	-94.525841	99.446884	10.503195	-0.105226	-0.030943
1.0200	-398.200745	-94.420578	99.437096	10.595450	-0.106154	-0.030868
1.0300	-397.206390	-94.314392	99.427246	10.687473	-0.107079	-0.030793
1.0400	-396.212158	-94.207291	99.417343	10.779264	-0.108002	-0.030719
1.0500	-395.217987	-94.099274	99.407372	10.870822	-0.108923	-0.030644
1.0600	-394.223938	-93.990341	99.397339	10.962149	-0.109842	-0.030569
1.0700	-393.230011	-93.880493	99.387253	11.053242	-0.110759	-0.030494
1.0800	-392.236145	-93.769730	99.377106	11.144103	-0.111673	-0.030419
1.0900	-391.242401	-93.658066	99.366898	11.234733	-0.112585	-0.030344
1.1000	-390.248779	-93.545494	99.356636	11.325129	-0.113495	-0.030269
1.1100	-389.255219	-93.432014	99.346321	11.415293	-0.114402	-0.030195
1.1200	-388.261780	-93.317635	99.335945	11.505223	-0.115308	-0.030120
1.1300	-387.268463	-93.202362	99.325516	11.594922	-0.116211	-0.030045
1.1400	-386.275238	-93.086189	99.315033	11.684388	-0.117111	-0.029970
1.1500	-385.282104	-92.969124	99.304489	11.773623	-0.118010	-0.029895
1.1600	-384.289093	-92.851166	99.293900	11.862623	-0.118906	-0.029820
1.1700	-383.296204	-92.732323	99.283249	11.951392	-0.119800	-0.029745
1.1800	-382.303375	-92.612595	99.272552	12.039927	-0.120692	-0.029670
1.1900	-381.310669	-92.491982	99.261803	12.128230	-0.121582	-0.029595
1.2000	-380.318085	-92.370483	99.251007	12.216301	-0.122469	-0.029521
1.2100	-379.325623	-92.248100	99.240150	12.304139	-0.123354	-0.029446
1.2200	-378.333221	-92.124840	99.229256	12.391744	-0.124237	-0.029371
1.2300	-377.340942	-92.000702	99.218300	12.479116	-0.125117	-0.029296
1.2400	-376.348785	-91.875694	99.207306	12.566256	-0.125996	-0.029221
1.2500	-375.356750	-91.749817	99.196259	12.653163	-0.126872	-0.029146
1.2600	-374.364838	-91.623070	99.185165	12.739837	-0.127746	-0.029071
1.2700	-373.373016	-91.495453	99.174019	12.826278	-0.128617	-0.028996
1.2800	-372.381287	-91.366974	99.162834	12.912487	-0.129486	-0.028921
1.2900	-371.389679	-91.237633	99.151604	12.998464	-0.130353	-0.028846
1.3000	-370.398193	-91.107430	99.140320	13.084207	-0.131218	-0.028771
1.3100	-369.406830	-90.976372	99.128998	13.169717	-0.132081	-0.028696
1.3200	-368.415588	-90.844460	99.117630	13.254994	-0.132941	-0.028621
1.3300	-367.424469	-90.711693	99.106224	13.340039	-0.133799	-0.028546
1.3400	-366.433411	-90.578079	99.094772	13.424851	-0.134655	-0.028471
1.3500	-365.442474	-90.443619	99.083275	13.509431	-0.135509	-0.028396
1.3600	-364.451660	-90.308311	99.071739	13.593778	-0.136360	-0.028321
1.3700	-363.460968	-90.172165	99.060158	13.677891	-0.137209	-0.028246
1.3800	-362.470398	-90.035179	99.048538	13.761772	-0.138056	-0.028171
1.3900	-361.479950	-89.897354	99.036880	13.845420	-0.138900	-0.028096
1.4000	-360.489624	-89.758690	99.025185	13.928836	-0.139743	-0.028021
1.4100	-359.499420	-89.619194	99.013451	14.012019	-0.140583	-0.027946
1.4200	-358.509338	-89.478867	99.001678	14.094969	-0.141421	-0.027871
1.4300	-357.519379	-89.337715	98.989861	14.177687	-0.142256	-0.027796
1.4400	-356.529510	-89.195732	98.978012	14.260172	-0.143090	-0.027721
1.4500	-355.539734	-89.052917	98.966133	14.342424	-0.143921	-0.027646
1.4600	-354.550079	-88.909294	98.954208	14.424444	-0.144749	-0.027571
1.4700	-353.560547	-88.764847	98.942253	14.506231	-0.145576	-0.027496
1.4800	-352.571136	-88.619576	98.930260	14.587785	-0.146400	-0.027421
1.4900	-351.581848	-88.473495	98.918236	14.669107	-0.147222	-0.027346
1.5000	-350.592682	-88.326599	98.906174	14.750196	-0.148042	-0.027271
1.5100	-349.603638	-88.178894	98.894081	14.831054	-0.148860	-0.027196
1.5200	-348.614716	-88.030380	98.881958	14.911677	-0.149675	-0.027121
1.5300	-347.625916	-87.881058	98.869804	14.992068	-0.150488	-0.027045
1.5400	-346.637238	-87.730942	98.857613	15.072227	-0.151299	-0.026970
1.5500	-345.648682	-87.580017	98.845398	15.152154	-0.152107	-0.026895
1.5600	-344.660248	-87.428299	98.833145	15.231848	-0.152914	-0.026820
1.5700	-343.671936	-87.275787	98.820869	15.311309	-0.153718	-0.026745
1.5800	-342.683746	-87.122482	98.808556	15.390538	-0.154520	-0.026670
1.5900	-341.695679	-86.968384	98.796219	15.469535	-0.155319	-0.026595
1.6000	-340.707733	-86.813492	98.783859	15.548299	-0.156116	-0.026520
1.6100	-339.719910	-86.657814	98.771461	15.626830	-0.156911	-0.026445
1.6200	-338.732208	-86.501350	98.759048	15.705129	-0.157704	-0.026370
1.6300	-337.744629	-86.344101	98.746597	15.783196	-0.158495	-0.026295
1.6400	-336.757172	-86.186073	98.734123	15.861031	-0.159283	-0.026219
1.6500	-335.769836	-86.027267	98.721626	15.938633	-0.160069	-0.026144
1.6600	-334.782623	-85.867683	98.709106	16.016003	-0.160853	-0.026069
1.6700	-333.795563	-85.707329	98.696556	16.093140	-0.161634	-0.025994
1.6800	-332.808655	-85.546204	98.683990	16.170046	-0.162414	-0.025919
1.6900	-331.821869	-85.384315	98.671394	16.246719	-0.163191	-0.025844
1.7000	-330.835205	-85.221657	98.658775	16.323160	-0.163965	-0.025769
1.7100	-329.848663	-85.058228	98.646141	16.399368	-0.164738	-0.025694
1.7200	-328.862244	-84.894051	98.633476	16.475346	-0.165508	-0.025618
1.7300	-327.875946	-84.729111	98.620796	16.551090	-0.166276	-0.025543
1.7400	-326.889771	-84.563408	98.608093	16.626604	-0.167042	-0.025468
1.7500	-325.903717	-84.396957	98.595367	16.701883	-0.167805	-0.025393
1.7600	-324.917786	-84.229752	98.582626	16.776932	-0.168566	-0.025318
1.7700	-323.931976	-84.061798	98.569870	16.851749	-0.169325	-0.025243
1.7800	-322.946289	-83.893097	98.557083	16.926332	-0.170082	-0.025168
1.7900	-321.960724	-83.723648	98.544289	17.000687	-0.170837	-0.025092
1.8000	-320.975342	-83.553452	98.531471	17.074806	-0.171589	-0.025017
1.8100	-319.990082	-83.382523	98.518639	17.148695	-0.172339	-0.024942
1.8200	-319.004944	-83.210846	98.505791	17.222353	-0.173086	-0.024867
1.8300	-318.019928	-83.038437	98.492928	17.295778	-0.173832	-0.024792
1.8400	-317.035034	-82.865295	98.480042	17.368971	-0.174575	-0.024717
1.8500	-316.050262	-82.691422	98.467148	17.441935	-0.175316	-0.024641
1.8600	-315.065613	-82.516815	98.454239	17.514666	-0.176055	-0.024566
1.8700	-314.081085	-82.341492	98.441315	17.587164	-0.176791	-0.024491
1.8800	-313.096680	-82.165436	98.428375	17.659431	-0.177525	-0.024416
1.8900	-312.112427	-81.988663	98.415421	17.731466	-0.178257	-0.024341
1.9000	-311.128326	-81.811172	98.402458	17.803270	-0.178987	-0.024265
1.9100	-310.144348	-81.632957	98.389481	17.874844	-0.179714	-0.024190
1.9200	-309.160492	-81.454033	98.376495	17.946186	-0.180439	-0.024115
1.9300	-308.176758	-81.274391	98.363495	18.017296	-0.181162	-0.024040
1.9400	-307.193146	-81.094040	98.350487	18.088173	-0.181883	-0.023965
1.9500	-306.209656	-80.912987	98.337463	18.158823	-0.182601	-0.023889
1.9600	-305.226288	-80.731216	98.324440	18.229239	-0.183317	-0.023814
1.9700	-304.243103	-80.548744	98.311401	18.299423	-0.184031	-0.023739
1.9800	-303.260040	-80.365570	98.298355	18.369379	-0.184743	-0.023664
1.9900	-302.277100	-80.181702	98.285294	18.439102	-0.185452	-0.023588
2.0000	-301.294281	-79.997139	98.272232	18.508595	-0.186159	-0.023513
2.0100	-300.311584	-79.811874	98.259163	18.577854	-0.186864	-0.023438
2.0200	-299.329010	-79.625923	98.246086	18.646883	-0.187567	-0.023363
2.0300	-298.346558	-79.439285	98.233002	18.715683	-0.188267	-0.023288
2.0400	-297.364288	-79.251953	98.219917	18.784252	-0.188965	-0.023212
2.0500	-296.382141	-79.063942	98.206825	18.852589	-0.189661	-0.023137
2.0600	-295.400116	-78.875244	98.193726	18.920696	-0.190354	-0.023062
2.0700	-294.418213	-78.685867	98.180618	18.988571	-0.191046	-0.022987
2.0800	-293.436432	-78.495811	98.167511	19.056217	-0.191735	-0.022911
2.0900	-292.454803	-78.305084	98.154404	19.123631	-0.192422	-0.022836
2.1000	-291.473297	-78.113678	98.141289	19.190813	-0.193106	-0.022761
2.1100	-290.491943	-77.921600	98.128174	19.257767	-0.193788	-0.022686
2.1200	-289.510712	-77.728859	98.115059	19.324490	-0.194468	-0.022610
2.1300	-288.529602	-77.535454	98.101936	19.390980	-0.195146	-0.022535
2.1400	-287.548615	-77.341385	98.088814	19.457243	-0.195822	-0.022460
2.1500	-286.567780	-77.146652	98.075691	19.523273	-0.196495	-0.022385
2.1600	-285.587067	-76.951256	98.062576	19.589075	-0.197166	-0.022309
2.1700	-284.606476	-76.755203	98.049454	19.654646	-0.197834	-0.022234
2.1800	-283.626038	-76.558495	98.036331	19.719988	-0.198501	-0.022159
2.1900	-282.645721	-76.361130	98.023209	19.785097	-0.199165	-0.022084
2.2000	-281.665527	-76.163124	98.010094	19.849979	-0.199827	-0.022008
2.2100	-280.685455	-75.964462	97.996979	19.914629	-0.200487	-0.021933
2.2200	-279.705536	-75.765160	97.983864	19.979050	-0.201144	-0.021858
2.2300	-278.725739	-75.565216	97.970757	20.043240	-0.201799	-0.021782
2.2400	-277.746063	-75.364624	97.957649	20.107201	-0.202452	-0.021707
2.2500	-276.766541	-75.163399	97.944542	20.170931	-0.203103	-0.021632
2.2600	-275.787140	-74.961533	97.931442	20.234432	-0.203751	-0.021557
2.2700	-274.807861	-74.759033	97.918350	20.297705	-0.204397	-0.021481
2.2800	-273.828735	-74.555901	97.905258	20.360746	-0.205041	-0.021406
2.2900	-272.849731	-74.352135	97.892174	20.423559	-0.205683	-0.021331
2.3000	-271.870850	-74.147743	97.879097	20.486143	-0.206322	-0.021255
2.3100	-270.892090	-73.942726	97.866028	20.548496	-0.206959	-0.021180
2.3200	-269.913483	-73.737083	97.852966	20.610620	-0.207594	-0.021105
2.3300	-268.934998	-73.530830	97.839905	20.672516	-0.208227	-0.021030
2.3400	-267.956635	-73.323952	97.826859	20.734182	-0.208857	-0.020954
2.3500	-266.978424	-73.116463	97.813812	20.795618	-0.209485	-0.020879
2.3600	-266.000336	-72.908356	97.800781	20.856825	-0.210111	-0.020804
2.3700	-265.022369	-72.699638	97.787758	20.917803	-0.210734	-0.020728
2.3800	-264.044525	-72.490311	97.774742	20.978552	-0.211356	-0.020653
2.3900	-263.066833	-72.280373	97.761742	21.039074	-0.211975	-0.020578
2.4000	-262.089264	-72.069832	97.748741	21.099365	-0.212591	-0.020502
2.4100	-261.111816	-71.858688	97.735756	21.159428	-0.213206	-0.020427
2.4200	-260.134491	-71.646950	97.722786	21.219261	-0.213818	-0.020352
2.4300	-259.157318	-71.434616	97.709824	21.278866	-0.214428	-0.020277
2.4400	-258.180237	-71.221680	97.696877	21.338243	-0.215036	-0.020201
2.4500	-257.203308	-71.008156	97.683937	21.397390	-0.215641	-0.020126
2.4600	-256.226501	-70.794037	97.671013	21.456310	-0.216244	-0.020051
2.4700	-255.249832	-70.579323	97.658104	21.515001	-0.216845	-0.019975
2.4800	-254.273285	-70.364029	97.645203	21.573463	-0.217444	-0.019900
2.4900	-253.296890	-70.148155	97.632317	21.631699	-0.218041	-0.019825
2.5000	-252.320618	-69.931694	97.619446	21.689705	-0.218635	-0.019749
2.5100	-251.344467	-69.714653	97.606590	21.747482	-0.219227	-0.019674
2.5200	-250.368439	-69.497040	97.593750	21.805031	-0.219816	-0.019599
2.5300	-249.392532	-69.278847	97.580925	21.862352	-0.220404	-0.019523
2.5400	-248.416779	-69.060081	97.568123	21.919447	-0.220989	-0.019448
2.5500	-247.441147	-68.840752	97.555328	21.976313	-0.221572	-0.019373
2.5600	-246.465637	-68.620850	97.542549	22.032949	-0.222152	-0.019297
2.5700	-245.490250	-68.400375	97.529793	22.089359	-0.222731	-0.019222
2.5800	-244.514984	-68.179344	97.517052	22.145540	-0.223307	-0.019147
2.5900	-243.539856	-67.957756	97.504326	22.201496	-0.223881	-0.019071
2.6000	-242.564865	-67.735603	97.491623	22.257221	-0.224452	-0.018996
2.6100	-241.589996	-67.512901	97.478935	22.312721	-0.225021	-0.018921
2.6200	-240.615250	-67.289635	97.466263	22.367992	-0.225588	-0.018845
2.6300	-239.640625	-67.065819	97.453613	22.423037	-0.226153	-0.018770
2.6400	-238.666122	-66.841454	97.440987	22.477854	-0.226716	-0.018695
2.6500	-237.691757	-66.616539	97.428375	22.532442	-0.227276	-0.018619
2.6600	-236.717529	-66.391083	97.415794	22.586805	-0.227834	-0.018544
2.6700	-235.743423	-66.165085	97.403221	22.640940	-0.228390	-0.018469
2.6800	-234.769440	-65.938545	97.390678	22.694849	-0.228943	-0.018393
2.6900	-233.795563	-65.711464	97.378151	22.748529	-0.229494	-0.018318
2.7000	-232.821823	-65.483849	97.365646	22.801983	-0.230043	-0.018242
2.7100	-231.848206	-65.255692	97.353172	22.855207	-0.230590	-0.018167
2.7200	-230.874710	-65.027016	97.340714	22.908207	-0.231135	-0.018092
2.7300	-229.901337	-64.797806	97.328278	22.960981	-0.231677	-0.018016
2.7400	-228.928085	-64.568062	97.315865	23.013527	-0.232217	-0.017941
2.7500	-227.954971	-64.337799	97.303474	23.065847	-0.232754	-0.017866
2.7600	-226.981979	-64.107018	97.291115	23.117941	-0.233290	-0.017790
2.7700	-226.009109	-63.875713	97.278778	23.169806	-0.233823	-0.017715
2.7800	-225.036377	-63.643890	97.266464	23.221447	-0.234354	-0.017640
2.7900	-224.063766	-63.411549	97.254173	23.272860	-0.234882	-0.017564
2.8000	-223.091278	-63.178696	97.241905	23.324047	-0.235409	-0.017489
2.8100	-222.118912	-62.945332	97.229668	23.375010	-0.235933	-0.017414
2.8200	-221.146667	-62.711456	97.217461	23.425743	-0.236455	-0.017338
2.8300	-220.174545	-62.477074	97.205276	23.476252	-0.236974	-0.017263
2.8400	-219.202545	-62.242188	97.193115	23.526535	-0.237492	-0.017187
2.8500	-218.230667	-62.006798	97.180984	23.576590	-0.238007	-0.017112
2.8600	-217.258911	-61.770912	97.168884	23.626421	-0.238519	-0.017037
2.8700	-216.287262	-61.534527	97.156807	23.676025	-0.239030	-0.016961
2.8800	-215.315735	-61.297646	97.144768	23.725403	-0.239538	-0.016886
2.8900	-214.344330	-61.060272	97.132744	23.774557	-0.240044	-0.016811
2.9000	-213.373047	-60.822407	97.120758	23.823484	-0.240548	-0.016735
2.9100	-212.401871	-60.584053	97.108795	23.872185	-0.241049	-0.016660
2.9200	-211.430817	-60.345211	97.096870	23.920662	-0.241549	-0.016584
2.9300	-210.459885	-60.105888	97.084969	23.968910	-0.242046	-0.016509
2.9400	-209.489075	-59.866081	97.073097	24.016935	-0.242540	-0.016434
2.9500	-208.518372	-59.625793	97.061264	24.064737	-0.243033	-0.016358
2.9600	-207.547806	-59.385029	97.049454	24.112310	-0.243523	-0.016283
2.9700	-206.577362	-59.143791	97.037674	24.159660	-0.244011	-0.016208
2.9800	-205.607025	-58.902077	97.025932	24.206785	-0.244497	-0.016132
2.9900	-204.636810	-58.659897	97.014221	24.253685	-0.244980	-0.016057
3.0000	-203.666702	-58.417244	97.002541	24.300358	-0.245461	-0.015981
3.0100	-202.696716	-58.174126	96.990891	24.346806	-0.245940	-0.015906
3.0200	-201.726852	-57.930546	96.979279	24.393030	-0.246417	-0.015831
3.0300	-200.757111	-57.686504	96.967697	24.439030	-0.246891	-0.015755
3.0400	-199.787476	-57.442001	96.956146	24.484804	-0.247363	-0.015680
3.0500	-198.817947	-57.197041	96.944633	24.530354	-0.247833	-0.015604
3.0600	-197.848541	-56.951630	96.933151	24.575680	-0.248300	-0.015529
3.0700	-196.879257	-56.705761	96.921707	24.620781	-0.248766	-0.015454
3.0800	-195.910080	-56.459442	96.910294	24.665657	-0.249229	-0.015378
3.0900	-194.941010	-56.212677	96.898918	24.710308	-0.249689	-0.015303
3.1000	-193.972061	-55.965466	96.887581	24.754736	-0.250148	-0.015227
3.1100	-193.003235	-55.717808	96.876274	24.798937	-0.250604	-0.015152
3.1200	-192.034515	-55.469711	96.865005	24.842915	-0.251058	-0.015077
3.1300	-191.065903	-55.221176	96.853775	24.886667	-0.251510	-0.015001
3.1400	-190.097412	-54.972206	96.842583	24.930195	-0.251959	-0.014926
3.1500	-189.129028	-54.722797	96.831421	24.973499	-0.252407	-0.014851
3.1600	-188.160751	-54.472958	96.820297	25.016582	-0.252852	-0.014775
3.1700	-187.192596	-54.222687	96.809219	25.059441	-0.253294	-0.014700
3.1800	-186.224548	-53.971989	96.798172	25.102074	-0.253735	-0.014624
3.1900	-185.256607	-53.720863	96.787163	25.144487	-0.254173	-0.014549
3.2000	-184.288773	-53.469318	96.776192	25.186676	-0.254609	-0.014474
3.2100	-183.321030	-53.217346	96.765259	25.228642	-0.255042	-0.014398
3.2200	-182.353424	-52.964958	96.754372	25.270382	-0.255474	-0.014323
3.2300	-181.385925	-52.712154	96.743515	25.311899	-0.255903	-0.014247
3.2400	-180.418533	-52.458935	96.732704	25.353193	-0.256330	-0.014172
3.2500	-179.451248	-52.205303	96.721931	25.394262	-0.256754	-0.014097
3.2600	-178.484070	-51.951260	96.711197	25.435108	-0.257177	-0.014021
3.2700	-177.516998	-51.696812	96.700500	25.475731	-0.257597	-0.013946
3.2800	-176.550034	-51.441956	96.689850	25.516130	-0.258015	-0.013870
3.2900	-175.583176	-51.186699	96.679237	25.556307	-0.258430	-0.013795
3.3000	-174.616425	-50.931038	96.668671	25.596258	-0.258843	-0.013720
3.3100	-173.649780	-50.674976	96.658142	25.635988	-0.259254	-0.013644
3.3200	-172.683243	-50.418518	96.647652	25.675493	-0.259663	-0.013569
3.3300	-171.716797	-50.161671	96.637207	25.714777	-0.260070	-0.013493
3.3400	-170.750458	-49.904427	96.626808	25.753836	-0.260474	-0.013418
3.3500	-169.784225	-49.646793	96.616447	25.792673	-0.260876	-0.013343
3.3600	-168.818100	-49.388775	96.606133	25.831289	-0.261275	-0.013267
3.3700	-167.852081	-49.130367	96.595856	25.869682	-0.261673	-0.013192
3.3800	-166.886154	-48.871578	96.585625	25.907852	-0.262068	-0.013116
3.3900	-165.920334	-48.612408	96.575439	25.945803	-0.262461	-0.013041
3.4000	-164.954620	-48.352856	96.565292	25.983532	-0.262852	-0.012965
3.4100	-163.988998	-48.092930	96.555191	26.021036	-0.263240	-0.012890
3.4200	-163.023483	-47.832630	96.545143	26.058319	-0.263626	-0.012815
3.4300	-162.058075	-47.571957	96.535126	26.095379	-0.264010	-0.012739
3.4400	-161.092758	-47.310913	96.525162	26.132217	-0.264392	-0.012664
3.4500	-160.127548	-47.049503	96.515244	26.168833	-0.264771	-0.012588
3.4600	-159.162430	-46.787724	96.505371	26.205225	-0.265148	-0.012513
3.4700	-158.197418	-46.525581	96.495537	26.241396	-0.265523	-0.012438
3.4800	-157.232498	-46.263081	96.485756	26.277346	-0.265896	-0.012362
3.4900	-156.267685	-46.000221	96.476021	26.313070	-0.266266	-0.012287
3.5000	-155.302963	-45.737003	96.466331	26.348576	-0.266634	-0.012211
3.5100	-154.338333	-45.473431	96.456688	26.383858	-0.267000	-0.012136
3.5200	-153.373795	-45.209507	96.447090	26.418917	-0.267363	-0.012060
3.5300	-152.409363	-44.945232	96.437538	26.453756	-0.267724	-0.011985
3.5400	-151.445023	-44.680614	96.428040	26.488373	-0.268083	-0.011910
3.5500	-150.480774	-44.415646	96.418579	26.522766	-0.268440	-0.011834
3.5600	-149.516632	-44.150337	96.409172	26.556940	-0.268794	-0.011759
3.5700	-148.552582	-43.884686	96.399818	26.590891	-0.269147	-0.011683
3.5800	-147.588623	-43.618698	96.390503	26.624620	-0.269497	-0.011608
3.5900	-146.624756	-43.352371	96.381241	26.658131	-0.269844	-0.011533
3.6000	-145.660980	-43.085712	96.372032	26.691420	-0.270190	-0.011457
3.6100	-144.697296	-42.818718	96.362862	26.724489	-0.270533	-0.011382
3.6200	-143.733704	-42.551395	96.353752	26.757338	-0.270874	-0.011306
3.6300	-142.770203	-42.283745	96.344681	26.789967	-0.271212	-0.011231
3.6400	-141.806793	-42.015766	96.335663	26.822372	-0.271549	-0.011156
3.6500	-140.843475	-41.747463	96.326698	26.854559	-0.271883	-0.011080
3.6600	-139.880249	-41.478840	96.317780	26.886522	-0.272215	-0.011005
3.6700	-138.917114	-41.209896	96.308914	26.918266	-0.272544	-0.010929
3.6800	-137.954056	-40.940639	96.300095	26.949789	-0.272872	-0.010854
3.6900	-136.991089	-40.671066	96.291336	26.981089	-0.273197	-0.010778
3.7000	-136.028198	-40.401180	96.282616	27.012171	-0.273519	-0.010703
3.7100	-135.065399	-40.130985	96.273956	27.043030	-0.273840	-0.010628
3.7200	-134.102676	-39.860477	96.265343	27.073668	-0.274158	-0.010552
3.7300	-133.140060	-39.589668	96.256783	27.104086	-0.274474	-0.010477
3.7400	-132.177536	-39.318554	96.248276	27.134283	-0.274788	-0.010401
3.7500	-131.215088	-39.047142	96.239822	27.164259	-0.275099	-0.010326
3.7600	-130.252716	-38.775429	96.231415	27.194016	-0.275409	-0.010251
3.7700	-129.290436	-38.503418	96.223068	27.223551	-0.275716	-0.010175
3.7800	-128.328247	-38.231113	96.214767	27.252867	-0.276020	-0.010100
3.7900	-127.366135	-37.958515	96.206520	27.281961	-0.276323	-0.010024
3.8000	-126.404099	-37.685627	96.198326	27.310835	-0.276623	-0.009949
3.8100	-125.442146	-37.412449	96.190186	27.339489	-0.276921	-0.009873
3.8200	-124.480278	-37.138988	96.182106	27.367922	-0.277216	-0.009798
3.8300	-123.518486	-36.865242	96.174072	27.396137	-0.277510	-0.009723
3.8400	-122.556778	-36.591213	96.166092	27.424133	-0.277801	-0.009647
3.8500	-121.595154	-36.316906	96.158165	27.451912	-0.278090	-0.009572
3.8600	-120.633606	-36.042320	96.150291	27.479471	-0.278376	-0.009496
3.8700	-119.672134	-35.767460	96.142471	27.506809	-0.278661	-0.009421
3.8800	-118.710739	-35.492325	96.134712	27.533928	-0.278943	-0.009345
3.8900	-117.749420	-35.216923	96.127007	27.560827	-0.279222	-0.009270
3.9000	-116.788177	-34.941250	96.119347	27.587507	-0.279500	-0.009195
3.9100	-115.827011	-34.665314	96.111755	27.613966	-0.279775	-0.009119
3.9200	-114.865921	-34.389111	96.104210	27.640205	-0.280048	-0.009044
3.9300	-113.904907	-34.112644	96.096725	27.666225	-0.280319	-0.008968
3.9400	-112.943970	-33.835918	96.089294	27.692024	-0.280588	-0.008893
3.9500	-111.983109	-33.558941	96.081917	27.717606	-0.280854	-0.008818
3.9600	-111.022324	-33.281704	96.074593	27.742966	-0.281118	-0.008742
3.9700	-110.061600	-33.004211	96.067329	27.768106	-0.281379	-0.008667
3.9800	-109.100952	-32.726471	96.060127	27.793028	-0.281639	-0.008591
3.9900	-108.140381	-32.448483	96.052971	27.817730	-0.281896	-0.008516
4.0000	-107.179886	-32.170250	96.045883	27.842215	-0.282151	-0.008440
4.0100	-106.219475	-31.891779	96.038841	27.866478	-0.282404	-0.008365
4.0200	-105.259102	-31.613054	96.031860	27.890522	-0.282654	-0.008290
4.0300	-104.298836	-31.334101	96.024940	27.914347	-0.282902	-0.008214
4.0400	-103.338600	-31.054897	96.018074	27.937952	-0.283148	-0.008139
4.0500	-102.378471	-30.775469	96.011269	27.961340	-0.283391	-0.008063
4.0600	-101.418373	-30.495798	96.004517	27.984507	-0.283633	-0.007988
4.0700	-100.458374	-30.215904	95.997826	28.007458	-0.283872	-0.007913
4.0800	-99.498413	-29.935772	95.991188	28.030193	-0.284109	-0.007837
4.0900	-98.538551	-29.655424	95.984612	28.052708	-0.284343	-0.007762
4.1000	-97.578728	-29.374842	95.978088	28.075005	-0.284575	-0.007686
4.1100	-96.618965	-29.094036	95.971634	28.097082	-0.284806	-0.007611
4.1200	-95.659302	-28.813021	95.965233	28.118940	-0.285033	-0.007535
4.1300	-94.699661	-28.531776	95.958885	28.140581	-0.285259	-0.007460
4.1400	-93.740120	-28.250326	95.952599	28.161999	-0.285482	-0.007385
4.1500	-92.780617	-27.968653	95.946373	28.183203	-0.285703	-0.007309
4.1600	-91.821205	-27.686777	95.940208	28.204187	-0.285922	-0.007234
4.1700	-90.861824	-27.404682	95.934105	28.224953	-0.286138	-0.007158
4.1800	-89.902534	-27.122391	95.928055	28.245501	-0.286352	-0.007083
4.1900	-88.943275	-26.839884	95.922066	28.265829	-0.286564	-0.007007
4.2000	-87.984108	-26.557186	95.916138	28.285940	-0.286774	-0.006932
4.2100	-87.024956	-26.274277	95.910271	28.305832	-0.286981	-0.006856
4.2200	-86.065903	-25.991179	95.904465	28.325504	-0.287186	-0.006781
4.2300	-85.106873	-25.707874	95.898712	28.344961	-0.287389	-0.006706
4.2400	-84.147934	-25.424385	95.893028	28.364197	-0.287590	-0.006630
4.2500	-83.189018	-25.140696	95.887398	28.383215	-0.287788	-0.006555
4.2600	-82.230194	-24.856827	95.881828	28.402016	-0.287984	-0.006479
4.2700	-81.271393	-24.572760	95.876328	28.420597	-0.288178	-0.006404
4.2800	-80.312675	-24.288517	95.870880	28.438961	-0.288370	-0.006328
4.2900	-79.353981	-24.004082	95.865494	28.457106	-0.288559	-0.006253
4.3000	-78.395378	-23.719475	95.860168	28.475033	-0.288746	-0.006178
4.3100	-77.436790	-23.434679	95.854912	28.492743	-0.288931	-0.006102
4.3200	-76.478294	-23.149717	95.849709	28.510233	-0.289113	-0.006027
4.3300	-75.519814	-22.864571	95.844566	28.527506	-0.289293	-0.005951
4.3400	-74.561417	-22.579264	95.839493	28.544561	-0.289471	-0.005876
4.3500	-73.603035	-22.293776	95.834473	28.561399	-0.289647	-0.005801
4.3600	-72.644707	-22.008120	95.829521	28.578020	-0.289820	-0.005725
4.3700	-71.686455	-21.722307	95.824623	28.594425	-0.289992	-0.005650
4.3800	-70.728218	-21.436321	95.819794	28.610615	-0.290161	-0.005574
4.3900	-69.770073	-21.150185	95.815025	28.626583	-0.290327	-0.005499
4.4000	-68.811935	-20.863878	95.810318	28.642336	-0.290492	-0.005423
4.4100	-67.853882	-20.577427	95.805672	28.657869	-0.290654	-0.005348
4.4200	-66.895836	-20.290810	95.801086	28.673187	-0.290814	-0.005272
4.4300	-65.937874	-20.004051	95.796570	28.688284	-0.290971	-0.005197
4.4400	-64.979919	-19.717131	95.792107	28.703167	-0.291127	-0.005121
4.4500	-64.022049	-19.430073	95.787712	28.717831	-0.291280	-0.005046
4.4600	-63.064182	-19.142859	95.783379	28.732279	-0.291431	-0.004971
4.4700	-62.106396	-18.855511	95.779114	28.746508	-0.291579	-0.004895
4.4800	-61.148613	-18.568010	95.774902	28.760521	-0.291725	-0.004820
4.4900	-60.190910	-18.280380	95.770760	28.774315	-0.291869	-0.004744
4.5000	-59.233212	-17.992603	95.766678	28.787893	-0.292011	-0.004669
4.5100	-58.275589	-17.704700	95.762665	28.801252	-0.292151	-0.004593
4.5200	-57.317974	-17.416655	95.758713	28.814394	-0.292288	-0.004518
4.5300	-56.360432	-17.128489	95.754822	28.827318	-0.292423	-0.004443
4.5400	-55.402893	-16.840183	95.750992	28.840027	-0.292556	-0.004367
4.5500	-54.445427	-16.551764	95.747231	28.852516	-0.292686	-0.004292
4.5600	-53.487965	-16.263208	95.743530	28.864788	-0.292814	-0.004216
4.5700	-52.530575	-15.974542	95.739899	28.876844	-0.292940	-0.004141
4.5800	-51.573185	-15.685743	95.736328	28.888681	-0.293064	-0.004066
4.5900	-50.615864	-15.396837	95.732819	28.900303	-0.293185	-0.003990
4.6000	-49.658543	-15.107805	95.729378	28.911707	-0.293304	-0.003915
4.6100	-48.701260	-14.818660	95.725998	28.922894	-0.293421	-0.003840
4.6200	-47.744041	-14.529414	95.722679	28.933861	-0.293536	-0.003764
4.6300	-46.786823	-14.240048	95.719429	28.944620	-0.293648	-0.003689
4.6400	-45.829674	-13.950586	95.716240	28.955156	-0.293758	-0.003613
4.6500	-44.872520	-13.661009	95.713120	28.965481	-0.293866	-0.003538
4.6600	-43.915432	-13.371339	95.710060	28.975584	-0.293972	-0.003462
4.6700	-42.958340	-13.081558	95.707062	28.985472	-0.294075	-0.003387
4.6800	-42.001312	-12.791690	95.704132	28.995144	-0.294176	-0.003311
4.6900	-41.044281	-12.501715	95.701271	29.004599	-0.294275	-0.003236
4.7000	-40.087307	-12.211656	95.698471	29.013838	-0.294371	-0.003160
4.7100	-39.130329	-11.921494	95.695732	29.022858	-0.294466	-0.003085
4.7200	-38.173416	-11.631254	95.693062	29.031662	-0.294558	-0.003009
4.7300	-37.216492	-11.340916	95.690460	29.040249	-0.294647	-0.002934
4.7400	-36.259628	-11.050502	95.687920	29.048618	-0.294735	-0.002859
4.7500	-35.302757	-10.759995	95.685440	29.056772	-0.294820	-0.002783
4.7600	-34.345943	-10.469419	95.683029	29.064707	-0.294903	-0.002708
4.7700	-33.389118	-10.178752	95.680687	29.072428	-0.294984	-0.002632
4.7800	-32.432350	-9.888020	95.678406	29.079929	-0.295062	-0.002557
4.7900	-31.475573	-9.597201	95.676193	29.087214	-0.295138	-0.002481
4.8000	-30.518852	-9.306322	95.674042	29.094282	-0.295212	-0.002406
4.8100	-29.562117	-9.015362	95.671959	29.101135	-0.295284	-0.002331
4.8200	-28.605438	-8.724344	95.669945	29.107769	-0.295353	-0.002255
4.8300	-27.648745	-8.433250	95.667992	29.114187	-0.295420	-0.002180
4.8400	-26.692104	-8.142103	95.666100	29.120388	-0.295485	-0.002104
4.8500	-25.735447	-7.850884	95.664276	29.126373	-0.295548	-0.002029
4.8600	-24.778843	-7.559617	95.662521	29.132141	-0.295608	-0.001954
4.8700	-23.822222	-7.268281	95.660835	29.137691	-0.295666	-0.001879
4.8800	-22.865618	-6.976891	95.659210	29.143028	-0.295722	-0.001803
4.8900	-21.909063	-6.685458	95.657646	29.148148	-0.295775	-0.001728
4.9000	-20.952490	-6.393964	95.656151	29.153055	-0.295826	-0.001652
4.9100	-19.995966	-6.102432	95.654724	29.157743	-0.295876	-0.001577
4.9200	-19.039423	-5.810843	95.653358	29.162216	-0.295922	-0.001501
4.9300	-18.082926	-5.519221	95.652061	29.166473	-0.295967	-0.001426
4.9400	-17.126408	-5.227546	95.650833	29.170511	-0.296009	-0.001351
4.9500	-16.169937	-4.935842	95.649666	29.174335	-0.296049	-0.001275
4.9600	-15.213443	-4.644089	95.648567	29.177940	-0.296087	-0.001200
4.9700	-14.256994	-4.352312	95.647530	29.181330	-0.296122	-0.001124
4.9800	-13.300522	-4.060491	95.646561	29.184502	-0.296155	-0.001049
4.9900	-12.344093	-3.768649	95.645660	29.187458	-0.296186	-0.000974
5.0000	-11.387639	-3.476767	95.644821	29.190197	-0.296215	-0.000898
5.0100	-10.431228	-3.184869	95.644051	29.192720	-0.296241	-0.000823
5.0200	-9.474790	-2.892936	95.643349	29.195026	-0.296265	-0.000748
5.0300	-8.518392	-2.600991	95.642715	29.197115	-0.296287	-0.000673
5.0400	-7.561966	-2.309015	95.642136	29.198994	-0.296307	-0.000598
5.0500	-6.605581	-2.017032	95.641632	29.200655	-0.296324	-0.000522
5.0600	-5.649166	-1.725021	95.641190	29.202101	-0.296339	-0.000447
5.0700	-4.692790	-1.433008	95.640816	29.203329	-0.296352	-0.000372
5.0800	-3.736382	-1.140972	95.640503	29.204342	-0.296363	-0.000297
5.0900	-2.780012	-0.848937	95.640259	29.205143	-0.296371	-0.000223
5.1000	-1.823610	-0.556884	95.640083	29.205729	-0.296377	-0.000152
5.1100	-0.867244	-0.264836	95.639961	29.206114	-0.296381	-0.000086
5.1200	0.089155	0.027226	95.639877	29.206402	-0.296384	-0.004143
5.1300	1.045545	0.319319	95.633423	29.227522	-0.296605	-0.017633
5.1400	2.001806	0.611711	95.614761	29.288530	-0.297243	-0.032272
5.1500	2.957883	0.904827	95.583084	29.391729	-0.298323	-0.047149
5.1600	3.913575	1.199072	95.538109	29.537603	-0.299849	-0.062109
5.1700	4.868818	1.494893	95.479561	29.726305	-0.301825	-0.077111
5.1800	5.823407	1.792697	95.407166	29.957838	-0.304251	-0.092133
5.1900	6.777272	2.092935	95.320595	30.232178	-0.307127	-0.107169
5.2000	7.730200	2.396012	95.219460	30.549217	-0.310455	-0.122214
5.2100	8.682114	2.702376	95.103325	30.908859	-0.314235	-0.137264
5.2200	9.632793	3.012432	94.971710	31.310930	-0.318465	-0.152317
5.2300	10.582151	3.326626	94.824059	31.755287	-0.323148	-0.167373
5.2400	11.529958	3.645358	94.659775	32.241688	-0.328282	-0.182431
5.2500	12.476112	3.969069	94.478203	32.769939	-0.333867	-0.197489
5.2600	13.420373	4.298155	94.278641	33.339737	-0.339905	-0.212546
5.2700	14.362626	4.633054	94.060303	33.950832	-0.346394	-0.227603
5.2800	15.302613	4.974154	93.822395	34.602859	-0.353335	-0.242658
5.2900	16.240204	5.321889	93.564026	35.295502	-0.360728	-0.257711
5.3000	17.175123	5.676639	93.284302	36.028316	-0.368571	-0.272760
5.3100	18.107225	6.038828	92.982216	36.800922	-0.376867	-0.287806
5.3200	19.036215	6.408830	92.656776	37.612789	-0.385614	-0.302847
5.3300	19.961924	6.787060	92.306892	38.463459	-0.394812	-0.317882
5.3400	20.884037	7.173880	91.931473	39.352310	-0.404461	-0.332911
5.3500	21.802364	7.569695	91.529335	40.278790	-0.414561	-0.347932
5.3600	22.716568	7.974854	91.099297	41.242184	-0.425111	-0.362944
5.3700	23.626431	8.389753	90.640099	42.241840	-0.436112	-0.377947
5.3800	24.531628	8.814737	90.150459	43.276955	-0.447563	-0.392938
5.3900	25.431816	9.250144	89.629089	44.346661	-0.459463	-0.407916
5.4000	26.326742	9.696348	89.074600	45.450150	-0.471812	-0.422880
5.4100	27.216005	10.153654	88.485641	46.586384	-0.484611	-0.437828
5.4200	28.099323	10.622418	87.860771	47.754417	-0.497857	-0.452759
5.4300	28.976269	11.102923	87.198601	48.953079	-0.511552	-0.467669
5.4400	29.846527	11.595507	86.497620	50.181286	-0.525693	-0.482559
5.4500	30.709644	12.100425	85.756409	51.437710	-0.540281	-0.497424
5.4600	31.565277	12.617994	84.973434	52.721115	-0.555315	-0.512264
5.4700	32.412945	13.148442	84.147240	54.030010	-0.570794	-0.527075
5.4800	33.252266	13.692060	83.276276	55.362995	-0.586717	-0.541857
5.4900	34.082737	14.249045	82.359108	56.718403	-0.603083	-0.556604
5.5000	34.903946	14.819657	81.394165	58.094658	-0.619891	-0.571316
5.5100	35.715355	15.404059	80.380043	59.489910	-0.637140	-0.585988
5.5200	36.516525	16.002480	79.315170	60.902409	-0.654830	-0.600619
5.5300	37.306889	16.615042	78.198204	62.330097	-0.672957	-0.615204
5.5400	38.085979	17.241938	77.027618	63.771042	-0.691522	-0.629741
5.5500	38.853199	17.883249	75.802124	65.222984	-0.710522	-0.644225
5.5600	39.608051	18.539125	74.520271	66.683800	-0.729958	-0.658655
5.5700	40.349915	19.209604	73.180862	68.151024	-0.749824	-0.673024
5.5800	41.078266	19.894791	71.782539	69.622314	-0.770122	-0.687331
5.5900	41.792458	20.594671	70.324226	71.095024	-0.790849	-0.701569
5.6000	42.491940	21.309301	68.804695	72.566612	-0.812002	-0.715737
5.6100	43.176048	22.038614	67.223022	74.034218	-0.833579	-0.729828
5.6200	43.844208	22.782614	65.578125	75.495094	-0.855579	-0.743840
5.6300	44.495735	23.541172	63.869267	76.946198	-0.877998	-0.757765
5.6400	45.130035	24.314240	62.095551	78.384583	-0.900835	-0.771601
5.6500	45.746433	25.101652	60.256386	79.807068	-0.924087	-0.785343
5.6600	46.344254	25.903214	58.351307	81.210373	-0.947748	-0.798984
5.6700	46.922878	26.718784	56.379761	82.591301	-0.971820	-0.812520
5.6800	47.481602	27.548073	54.341606	83.946350	-0.996295	-0.825945
5.6900	48.019798	28.390869	52.236557	85.272163	-1.021174	-0.839254
5.7000	48.536758	29.246815	50.064766	86.565117	-1.046450	-0.852442
5.7100	49.031853	30.115631	47.826260	87.821686	-1.072121	-0.865502
5.7200	49.504379	30.996883	45.521530	89.038139	-1.098182	-0.878429
5.7300	49.953709	31.890224	43.150906	90.210861	-1.124631	-0.891217
5.7400	50.379154	32.795143	40.715248	91.336021	-1.151462	-0.903860
5.7500	50.780094	33.711220	38.215252	92.409927	-1.178672	-0.916351
5.7600	51.155861	34.637871	35.652149	93.428711	-1.206254	-0.928684
5.7700	51.505859	35.574596	33.027039	94.388634	-1.234206	-0.940853
5.7800	51.829441	36.520733	30.341547	95.285835	-1.262521	-0.952852
5.7900	52.126030	37.475712	27.597176	96.116577	-1.291196	-0.964674
5.8000	52.395023	38.438789	24.795990	96.877029	-1.320222	-0.976311
5.8100	52.635880	39.409325	21.939886	97.563522	-1.349598	-0.987759
5.8200	52.848030	40.386494	19.031380	98.172333	-1.379315	-0.999010
5.8300	53.030979	41.369587	16.072798	98.699875	-1.409368	-1.010058
5.8400	53.184216	42.357712	13.067102	99.142578	-1.439751	-1.020895
5.8500	53.307285	43.350079	10.017061	99.497025	-1.470457	-1.031515
5.8600	53.399750	44.345730	6.926061	99.759857	-1.501480	-1.041912
5.8700	53.461212	45.343807	3.797293	99.927879	-1.532814	-1.052078
5.8800	53.491295	46.343285	0.634590	99.997986	-1.564450	-1.062007
5.8900	53.489677	47.343250	-2.558457	99.967270	-1.596384	-1.071693
5.9000	53.456062	48.342651	-5.777720	99.832947	-1.628606	-1.081128
5.9100	53.390198	49.340412	-9.018862	99.592468	-1.661108	-1.090306
5.9200	53.291874	50.335533	-12.277723	99.243423	-1.693884	-1.099221
5.9300	53.160927	51.326851	-15.549504	98.783669	-1.726925	-1.107867
5.9400	52.997234	52.313328	-18.829706	98.211212	-1.760224	-1.116236
5.9500	52.800739	53.293758	-22.113190	97.524391	-1.793771	-1.124324
5.9600	52.571400	54.267067	-25.395172	96.721687	-1.827560	-1.132124
5.9700	52.309265	55.232021	-28.670254	95.801964	-1.861579	-1.139629
5.9800	52.014393	56.187523	-31.933407	94.764221	-1.895823	-1.146835
5.9900	51.686943	57.132313	-35.179016	93.607887	-1.930279	-1.153736
6.0000	51.327080	58.065277	-38.401882	92.332527	-1.964941	-1.160327
6.0100	50.935070	58.985157	-41.596268	90.938171	-1.999797	-1.166601
6.0200	50.511185	59.890827	-44.756855	89.424965	-2.034841	-1.172555
6.0300	50.055801	60.781040	-47.877838	87.793579	-2.070059	-1.178184
6.0400	49.569305	61.654678	-50.953869	86.044777	-2.105445	-1.183482
6.0500	49.052189	62.510506	-53.979168	84.179863	-2.140986	-1.188447
6.0600	48.504936	63.347424	-56.948444	82.200211	-2.176675	-1.193073
6.0700	47.928165	64.164230	-59.856003	80.107796	-2.212499	-1.197357
6.0800	47.322460	64.959862	-62.696651	77.904617	-2.248450	-1.201295
6.0900	46.688549	65.733170	-65.464912	75.593292	-2.284515	-1.204885
6.1000	46.027122	66.483124	-68.155807	73.176399	-2.320686	-1.208122
6.1100	45.339016	67.208626	-70.764114	70.657196	-2.356951	-1.211006
6.1200	44.625015	67.908714	-73.285179	68.038834	-2.393300	-1.213532
6.1300	43.886059	68.582352	-75.714111	65.325142	-2.429722	-1.215700
6.1400	43.123024	69.228645	-78.046593	62.519833	-2.466207	-1.217507
6.1500	42.336914	69.846664	-80.278267	59.627178	-2.502744	-1.218953
6.1600	41.528778	70.435524	-82.405014	56.651691	-2.539320	-1.220035
6.1700	40.699612	70.994453	-84.423187	53.597809	-2.575927	-1.220754
6.1800	39.850574	71.522636	-86.329140	50.470585	-2.612551	-1.221109
6.1900	38.982735	72.019394	-88.119743	47.274849	-2.649185	-1.221099
6.2000	38.097317	72.484016	-89.791893	44.016083	-2.685815	-1.220725
6.2100	37.195442	72.915916	-91.343071	40.699421	-2.722432	-1.219987
6.2200	36.278397	73.314507	-92.770821	37.330608	-2.759022	-1.218887
6.2300	35.347351	73.679298	-94.073212	33.915047	-2.795579	-1.217425
6.2400	34.403633	74.009827	-95.248444	30.458733	-2.832088	-1.215603
6.2500	33.448452	74.305702	-96.295212	26.967243	-2.868540	-1.213423
6.2600	32.483162	74.566582	-97.212418	23.446669	-2.904923	-1.210887
6.2700	31.508987	74.792198	-97.999413	19.902655	-2.941228	-1.207997
6.2800	30.527306	74.982323	-98.655769	16.341326	-2.977443	-1.204757
6.2900	29.539352	75.136803	-99.181496	12.768332	-3.013560	-1.201168
6.3000	28.546505	75.255539	-99.576843	9.189821	-3.049565	-1.197235
6.3100	27.549992	75.338493	-99.842445	5.611276	-3.085450	-1.192961
6.3200	26.551182	75.385666	-99.979218	2.038710	-3.121204	-1.188349
6.3300	25.551287	75.397141	-99.988411	-1.522467	-3.156818	-1.183404
6.3400	24.551653	75.373039	-99.871567	-5.066546	-3.192280	-1.178131
6.3500	23.553463	75.313553	-99.630516	-8.588387	-3.227582	-1.172533
6.3600	22.558027	75.218925	-99.267387	-12.082461	-3.262713	-1.166616
6.3700	21.566488	75.089424	-98.784531	-15.544009	-3.297666	-1.160384
6.3800	20.580105	74.925407	-98.184624	-18.967842	-3.332427	-1.153843
6.3900	19.599974	74.727242	-97.470497	-22.349562	-3.366992	-1.146998
6.4000	18.627298	74.495384	-96.645294	-25.684376	-3.401348	-1.139855
6.4100	17.663111	74.230293	-95.712273	-28.968273	-3.435488	-1.132419
6.4200	16.708517	73.932503	-94.674950	-32.197102	-3.469403	-1.124696
6.4300	15.764585	73.602577	-93.537064	-35.366909	-3.503083	-1.116692
6.4400	14.832241	73.241096	-92.302353	-38.474354	-3.536523	-1.108414
6.4500	13.912513	72.848717	-90.974884	-41.515903	-3.569710	-1.099867
6.4600	13.006250	72.426079	-89.558662	-44.488712	-3.602641	-1.091058
6.4700	12.114396	71.973907	-88.058029	-47.389706	-3.635304	-1.081994
6.4800	11.237719	71.492897	-86.477135	-50.216579	-3.667694	-1.072680
6.4900	10.377074	70.983826	-84.820480	-52.966835	-3.699802	-1.063123
6.5000	9.533146	70.447433	-83.092384	-55.638618	-3.731623	-1.053329
6.5100	8.706699	69.884544	-81.297440	-58.229942	-3.763147	-1.043307
6.5200	7.898331	69.295914	-79.440010	-60.739483	-3.794370	-1.033061
6.5300	7.108713	68.682426	-77.524742	-63.165771	-3.825282	-1.022600
6.5400	6.338355	68.044861	-75.555992	-65.507950	-3.855880	-1.011928
6.5500	5.587837	67.384109	-73.538383	-67.765083	-3.886156	-1.001053
6.5600	4.857582	66.700974	-71.476212	-69.936760	-3.916105	-0.989982
6.5700	4.148077	65.996361	-69.374054	-72.022499	-3.945719	-0.978721
6.5800	3.459661	65.271080	-67.236092	-74.022354	-3.974995	-0.967277
6.5900	2.792729	64.526047	-65.066757	-75.936272	-4.003926	-0.955656
6.6000	2.147538	63.762058	-62.870094	-77.764717	-4.032507	-0.943863
6.6100	1.524395	62.980026	-60.650398	-79.508041	-4.060733	-0.931908
6.6200	0.923478	62.180744	-58.411541	-81.167061	-4.088599	-0.919794
6.6300	0.345010	61.365112	-56.157551	-82.742554	-4.116100	-0.907529
6.6400	-0.210908	60.533905	-53.892101	-84.235626	-4.143233	-0.895117
6.6500	-0.744130	59.688000	-51.619045	-85.647385	-4.169992	-0.882566
6.6600	-1.254629	58.828144	-49.341797	-86.979233	-4.196374	-0.869882
6.6700	-1.742352	57.955170	-47.063873	-88.232605	-4.222374	-0.857069
6.6800	-2.207283	57.069889	-44.788670	-89.409035	-4.247989	-0.844135
6.6900	-2.649491	56.173000	-42.519215	-90.510307	-4.273215	-0.831083
6.7000	-3.069010	55.265312	-40.258675	-91.538185	-4.298048	-0.817920
6.7100	-3.465967	54.347496	-38.009830	-92.494606	-4.322486	-0.804650
6.7200	-3.840456	53.420322	-35.775650	-93.381493	-4.346525	-0.791281
6.7300	-4.192658	52.484417	-33.558529	-94.200981	-4.370162	-0.777815
6.7400	-4.522725	51.540516	-31.361195	-94.955124	-4.393394	-0.764258
6.7500	-4.830884	50.589195	-29.185841	-95.646156	-4.416220	-0.750616
6.7600	-5.117339	49.631157	-27.034811	-96.276260	-4.438634	-0.736892
6.7700	-5.382359	48.666931	-24.910007	-96.847778	-4.460638	-0.723089
6.7800	-5.626191	47.697166	-22.813631	-97.362923	-4.482226	-0.709215
6.7900	-5.849142	46.722351	-20.747299	-97.824074	-4.503398	-0.695272
6.8000	-6.051501	45.743092	-18.712891	-98.233536	-4.524150	-0.681264
6.8100	-6.233606	44.759823	-16.711796	-98.593689	-4.544483	-0.667195
6.8200	-6.395781	43.773109	-14.745674	-98.906853	-4.564393	-0.653069
6.8300	-6.538390	42.783344	-12.815703	-99.175392	-4.583879	-0.638890
6.8400	-6.661787	41.791035	-10.923241	-99.401627	-4.602938	-0.624661
6.8500	-6.766360	40.796528	-9.069312	-99.587891	-4.621571	-0.610385
6.8600	-6.852489	39.800289	-7.255038	-99.736473	-4.639775	-0.596066
6.8700	-6.920580	38.802620	-5.481212	-99.849670	-4.657549	-0.581707
6.8800	-6.971033	37.803940	-3.748825	-99.929710	-4.674892	-0.567311
6.8900	-7.004269	36.804501	-2.058455	-99.978813	-4.691803	-0.552879
6.9000	-7.020707	35.804680	-0.410888	-99.999153	-4.708280	-0.538417
6.9100	-7.020777	34.804688	1.193449	-99.992882	-4.724324	-0.523925
6.9200	-7.004914	33.804821	2.754007	-99.962067	-4.739933	-0.509405
6.9300	-6.973556	32.805359	4.270352	-99.908775	-4.755105	-0.494860
6.9400	-6.927145	31.806444	5.742157	-99.834999	-4.769842	-0.480292
6.9500	-6.866130	30.808352	7.169053	-99.742691	-4.784141	-0.465704
6.9600	-6.790957	29.811188	8.550919	-99.633736	-4.798003	-0.451096
6.9700	-6.702081	28.815187	9.887442	-99.509995	-4.811425	-0.436473
6.9800	-6.599951	27.820423	11.178637	-99.373230	-4.824409	-0.421834
6.9900	-6.485026	26.827091	12.424325	-99.225182	-4.836954	-0.407181
7.0000	-6.357754	25.835228	13.624553	-99.067513	-4.849060	-0.392515
7.0100	-6.218598	24.844997	14.779208	-98.901848	-4.860724	-0.377839
7.0200	-6.068005	23.856407	15.888450	-98.729721	-4.871950	-0.363151
7.0300	-5.906439	22.869585	16.952221	-98.552635	-4.882734	-0.348456
7.0400	-5.734342	21.884508	17.970633	-98.372032	-4.893077	-0.333755
7.0500	-5.552181	20.901279	18.943817	-98.189262	-4.902979	-0.319046
7.0600	-5.360395	19.919846	19.871916	-98.005646	-4.912440	-0.304332
7.0700	-5.159447	18.940283	20.754999	-97.822441	-4.921459	-0.289614
7.0800	-4.949773	17.962513	21.593328	-97.640816	-4.930037	-0.274892
7.0900	-4.731836	16.986589	22.386992	-97.461906	-4.938172	-0.260168
7.1000	-4.506065	16.012409	23.136263	-97.286758	-4.945867	-0.245438
7.1100	-4.272921	15.040006	23.841240	-97.116402	-4.953120	-0.230706
7.1200	-4.032829	14.069257	24.502108	-96.951775	-4.959930	-0.215975
7.1300	-3.786247	13.100173	25.119059	-96.793762	-4.966299	-0.201242
7.1400	-3.533596	12.132617	25.692318	-96.643181	-4.972226	-0.186508
7.1500	-3.275331	11.166581	26.221977	-96.500816	-4.977711	-0.171778
7.1600	-3.011868	10.201913	26.708298	-96.367355	-4.982754	-0.157048
7.1700	-2.743650	9.238556	27.151400	-96.243446	-4.987355	-0.142322
7.1800	-2.471119	8.276447	27.551437	-96.129692	-4.991514	-0.127603
7.1900	-2.194685	7.315415	27.908648	-96.026596	-4.995232	-0.112885
7.2000	-1.914796	6.355421	28.223114	-95.934647	-4.998508	-0.098178
7.2100	-1.631859	5.396282	28.494955	-95.854248	-5.001343	-0.083497
7.2200	-1.346319	4.437953	28.724459	-95.785728	-5.003738	-0.068830
7.2300	-1.058581	3.480244	28.911667	-95.729385	-5.005693	-0.054229
7.2400	-0.769085	2.523103	29.056931	-95.685394	-5.007211	-0.039753
7.2500	-0.478230	1.566336	29.160803	-95.653793	-5.008296	-0.025702
7.2600	-0.186448	0.609889	29.225473	-95.634048	-5.008973	-0.016052
7.2700	0.105921	-0.346416	29.491264	-95.552422	-5.011753	-0.725548
7.2800	0.406014	-1.300273	32.508301	-94.568550	-5.043489	-2.087530
7.2900	0.745821	-2.240638	39.344650	-91.934753	-5.116766	-3.512872
7.3000	1.163189	-3.148954	49.731125	-86.757217	-5.232886	-4.941557
7.3100	1.691941	-3.996921	62.827625	-77.799034	-5.391725	-6.342784
7.3200	2.355726	-4.743283	77.061043	-63.730648	-5.592187	-7.679303
7.3300	3.160407	-5.334193	89.993370	-43.602673	-5.832006	-8.902807
7.3400	4.085327	-5.708356	98.458153	-17.492653	-6.107354	-9.955733
7.3500	5.077443	-5.809065	99.162704	12.913512	-6.412682	-10.778716
7.3600	6.052175	-5.600968	89.716980	44.168575	-6.740662	-11.320907
7.3700	6.905570	-5.086648	69.711609	71.695824	-7.082614	-11.550961
7.3800	7.535645	-4.314997	41.224895	91.107124	-7.429060	-11.463889
7.3900	7.866907	-3.375373	8.325669	99.652817	-7.770628	-11.081421
7.4000	7.867151	-2.378861	-24.230211	97.020088	-8.098720	-10.445899
7.4100	7.550634	-1.433509	-52.453773	85.138718	-8.406154	-9.610411
7.4200	6.967686	-0.624242	-74.018196	67.240662	-8.687323	-8.629363
7.4300	6.187203	-0.002419	-88.396584	46.755150	-8.938259	-7.551164
7.4400	5.279647	0.413679	-96.418930	26.521498	-9.156351	-6.414886
7.4500	4.304984	0.631958	-99.641563	8.459267	-9.340084	-5.249573
7.4600	3.306785	0.677229	-99.795326	-6.394695	-9.488769	-4.075881
7.4700	2.311753	0.582859	-98.428886	-17.656546	-9.602274	-2.912170
7.4800	1.331789	0.384886	-96.732491	-25.354006	-9.681116	-1.802917
7.4900	0.368103	0.118325	-95.421638	-29.911707	-9.728545	-1.873759
7.5000	-0.581721	-0.194142	-51.464897	-85.740097	-10.454976	-106.052528
7.5100	-0.405319	-0.871527	70.037979	71.377037	-13.361238	-34.756523
7.5200	0.070791	-0.030758	-17.153744	98.517761	-14.309557	-1082.105103
7.5300	0.305577	0.078154	-96.444984	-26.426600	-28.541777	5.406339
7.5400	-0.667991	-0.146615	-76.038170	64.947647	-27.567438	116.595787
7.5500	-0.661241	0.494731	92.944771	-36.895386	-24.754858	31.650963
7.5600	0.132479	-0.066259	9.341340	-99.562744	-23.655495	572.949097
7.5700	-0.219822	-0.262814	51.515148	85.709915	-13.595983	45.164612
7.5800	0.507072	0.338190	72.153610	-69.237679	-5.518407	160.191208
7.5900	0.368046	0.005026	-99.999535	-0.304421	-3.144637	-2.882744
7.6000	-0.631417	-0.019631	-64.236115	-76.640213	-4.014814	-118.101196
7.6100	-0.513086	-0.641145	80.427368	59.425911	-6.919529	-31.253582
7.6200	0.113552	0.102750	-16.872875	98.566254	-8.023521	-551.182373
7.6300	-0.388109	0.320213	86.321915	-50.482937	-18.320372	31.791744
7.6400	0.311098	-0.354566	57.241711	81.996262	-0.961346	-205.865326
7.6500	0.289561	-0.338611	-61.199047	79.086510	-2.229371	-10.970549
7.6600	-0.383074	0.396785	-97.102272	23.898729	-15.466640	-96.565704
7.6700	-1.046408	0.049007	89.061562	-45.475693	-18.377457	-39.386391
7.6800	-0.104618	-0.119163	86.638046	49.938454	-19.372444	-202.807358
7.6900	-0.127276	-0.074905	-97.333649	-22.938211	-22.222591	200.426697
7.7000	-0.147208	-0.010371	97.801003	20.855791	-19.059656	94.401817
7.7100	0.520211	-0.373177	64.842079	76.128212	-13.431659	-155.655930
7.7200	0.345313	-0.021784	-99.955910	2.969238	-15.678267	9.624119
7.7300	-0.646911	0.079652	65.209122	75.814056	-13.426827	127.669701
7.7400	-0.074091	0.023905	69.479706	-71.920586	-11.763712	-605.144897
7.7500	0.069184	0.120738	-96.887360	24.755606	-21.740992	-692.552979
7.7600	-0.037197	0.571682	-61.716137	-78.683662	-29.180000	-116.417831
7.7700	0.095469	-0.056899	90.601860	-42.323788	-30.978910	-90.230713
7.7800	0.852779	0.128175	-98.340454	-18.142639	-34.739956	3.855132
7.7900	-0.135046	-0.024682	-99.931961	-3.688239	-34.594410	104.446388
7.8000	-0.655194	0.456420	73.505074	-67.801208	-30.670872	-17.054211
7.8100	0.153676	-0.117564	99.999954	0.099317	-31.416920	-314.433716
7.8200	0.656231	-0.617024	-79.893593	60.141617	-33.912247	12.114863
7.8300	-0.081781	0.051634	-49.328949	86.986519	-33.502590	488.204468
7.8400	-0.078264	0.919444	31.485600	-94.913948	-23.882250	25.274004
7.8500	0.049778	-0.054261	-43.252579	-90.162155	-23.114653	1260.581177
7.8600	-0.409007	-0.942275	-85.919380	-51.165031	-3.678697	56.894032
7.8700	-1.313800	-1.042571	-26.954823	96.298691	-1.843720	54.965572
7.8800	-1.186584	-0.135255	90.680984	42.153984	-0.435143	26.470495
7.8900	-0.233542	0.094553	96.956390	-24.483847	0.247353	54.338696
7.9000	0.494596	-0.464605	92.585838	37.787064	5.895690	-134.000931
7.9100	0.589671	0.062979	-99.750229	7.063400	3.212286	-29.706791
7.9200	-0.374317	-0.084785	-50.501930	86.310806	-2.100201	248.397552
7.9300	-0.654296	-0.152476	96.654137	25.651083	-0.259411	4.533001
7.9400	0.319843	0.070904	96.917145	-24.638744	0.248951	137.452621
7.9500	0.467329	-0.421516	-81.288612	58.242268	3.763299	17.790033
7.9600	-0.254380	0.257776	96.163879	-27.431887	6.561067	135.795334
7.9700	-0.112160	-0.247234	-44.628834	89.488922	10.532961	285.882446
7.9800	-0.651265	-0.187306	2.540191	99.967735	11.020979	140.735031
7.9900	-0.216470	0.044577	94.505547	-32.690994	12.899403	-58.629185
8.0000	0.683256	0.140932	24.727934	-96.894424	7.604110	143.185806
8.0100	0.333410	-0.182882	-89.784492	44.031185	9.880724	12.029015
8.0200	-0.517571	0.334369	13.901457	-99.029030	13.997701	-122.750938
8.0300	0.010510	0.038498	97.927521	20.253395	12.362426	2233.601318
8.0400	0.346024	-0.335888	-40.908821	91.249481	48.273232	-76.686554
8.0500	-0.358520	0.119880	-49.274170	87.017563	41.896263	176.970856
8.0600	-0.183615	0.285817	63.363411	-77.363289	44.866852	33.839725
8.0700	0.222051	-0.593042	37.912373	-92.534599	51.447430	-4.828358
8.0800	0.634158	-1.503458	54.770145	-83.667381	51.256664	-10.999354
8.0900	1.246849	-2.289473	81.650085	-57.734421	50.880955	-16.913496
8.1000	2.122658	-2.755080	99.754478	-7.003146	50.335571	-21.491673
8.1100	3.105602	-2.665286	82.771858	56.114342	49.669716	-23.576988
8.1200	3.810539	-1.978176	26.544191	96.412682	48.963348	-22.778959
8.1300	3.906780	-0.997445	-38.523392	92.281898	48.299225	-19.812002
8.1400	3.394931	-0.151319	-81.952957	57.303688	47.734097	-15.771897
8.1500	2.519661	0.317697	-98.567719	16.864300	47.293343	-11.443608
8.1600	1.526824	0.400918	-98.995354	-14.139306	46.982021	-7.263769
8.1700	0.547493	0.206120	-94.528397	-32.624878	46.791557	-4.740405
8.1800	-0.384930	-0.153263	76.904068	-63.919987	44.675755	-211.995255
8.1900	-0.396897	-0.168235	99.953033	-3.064513	44.012947	-97.034225
8.2000	0.175576	0.311128	87.470100	-48.466290	38.205090	279.907257
8.2100	0.609026	0.568781	-65.555763	-75.514519	39.984829	12.533216
8.2200	-0.111323	-0.118451	-93.733513	-34.842907	40.484810	273.394928
8.2300	-0.168365	-0.576356	14.777803	98.902054	42.559822	22.561953
8.2400	0.139402	0.360083	-99.332962	11.530931	47.239456	-250.686584
8.2500	0.080774	0.658827	-56.311916	-82.637573	46.151249	-69.056786
8.2600	0.011141	-0.207226	99.967560	2.546914	43.956825	-481.676849
8.2700	0.794636	0.217157	-88.209259	-47.107601	34.067009	26.934984
8.2800	-0.144541	-0.061570	-87.850693	47.772968	35.055588	498.890137
8.2900	-0.520247	0.673241	55.636158	-83.094032	44.963093	-7.974641
8.3000	0.083707	-0.121534	78.193665	-62.335789	44.655327	-196.774521
8.3100	0.149651	-0.053377	-83.858482	54.477100	41.416821	-145.633789
8.3200	-0.250849	-0.280638	-14.259450	98.978119	35.985233	203.484665
8.3300	-0.206987	-0.272305	25.920120	96.582336	36.390511	110.545334
8.3400	0.392372	0.039356	67.649338	73.644875	43.154491	-168.701050
8.3500	0.242398	0.300081	-74.317787	-66.909393	40.107716	-40.876705
8.3600	-0.240577	-0.521901	-26.983459	96.290672	29.571909	112.784447
8.3700	0.118722	0.035384	99.965683	-2.619579	31.442125	250.743301
8.3800	0.219228	0.323186	-63.605209	-77.164612	33.676094	-23.865416
8.3900	-0.261449	-0.535353	98.381348	-17.919569	25.312910	-161.578827
8.4000	-0.081100	-0.233886	3.444187	99.940674	23.596394	119.119614
8.4100	0.420522	0.141899	37.904507	92.537819	30.233894	-170.253555
8.4200	0.195758	0.324648	-60.713043	-79.460220	27.355982	-28.913506
8.4300	-0.216290	-0.560657	99.115242	-13.272870	18.982677	-161.832260
8.4400	-0.051744	-0.252297	-6.826678	99.766708	17.210440	103.793190
8.4500	0.412433	0.287600	69.483910	71.916519	24.330141	-38.277874
8.4600	0.856260	1.137800	-67.481712	73.798500	22.821228	-69.027267
8.4700	0.029354	1.404848	-52.836830	-84.901527	20.977030	-36.331722
8.4800	-0.240680	0.480458	34.456146	-93.876373	20.068581	-20.914534
8.4900	0.240323	-0.382231	36.118496	93.249420	5.081927	-177.653320
8.5000	0.046489	-0.247351	-51.092304	85.962646	4.176131	136.421646
8.5100	0.290105	0.212809	-82.841553	56.011402	10.019301	-261.714722
8.5200	0.366855	0.587085	-92.672638	-37.573696	9.039586	-84.762741
8.5300	-0.053643	-0.098943	59.439289	-80.417480	7.217471	-804.827454
8.5400	0.314588	-0.995958	-62.772743	-77.843323	-4.033759	79.757744
8.5500	-0.476319	-1.235410	-23.147110	97.284180	-1.804386	42.743553
8.5600	-0.393901	-0.290022	72.665115	68.700661	-0.757362	25.021116
8.5700	0.433377	0.239891	17.467276	98.462654	23.737518	-156.833633
8.5800	0.109785	0.447357	-38.730946	-92.194977	20.818064	-33.956532
8.5900	-0.028167	-0.510506	-89.378960	-44.848660	2.676521	169.715363
8.6000	-0.231074	-0.298416	58.074940	81.408241	5.332038	10.395636
8.6100	0.409367	0.465631	-80.490746	-59.340031	8.789501	-34.306427
8.6200	-0.197389	-0.287425	26.820309	96.336243	4.983916	93.002869
8.6300	0.434421	0.146442	85.568474	-51.749744	13.110294	166.591339
8.6400	0.364786	-0.161617	-95.779198	28.746216	15.999539	31.367599
8.6500	-0.475808	0.327331	-7.942542	-99.684082	26.783047	-149.998489
8.6600	-0.102760	0.111096	98.699242	-16.076658	25.294209	406.648682
8.6700	0.890615	0.041706	98.125053	-19.273642	31.609877	26.741619
8.6800	1.795224	-0.334900	39.267254	-91.967834	32.583187	45.563065
8.6900	1.853426	-1.275280	-82.824333	-56.036858	33.962688	41.387585
8.7000	0.939473	-1.542473	-86.136810	50.798126	35.090359	26.101952
8.7100	0.207620	-0.889362	-34.969990	93.686180	35.771065	13.967464
8.7200	-0.040831	0.073622	10.074226	99.491257	36.229229	677.831787
8.7300	-0.363922	0.238750	88.596123	-46.375938	44.464531	22.566696
8.7400	0.419900	-0.358953	-99.998199	0.599809	59.696259	116.799049
8.7500	0.012958	0.135311	32.164940	94.685883	61.588528	169.145966
8.7600	0.310486	0.127791	-82.582092	-56.393250	65.374306	61.704193
8.7700	-0.575943	0.006125	29.809814	95.453522	74.130127	166.265915
8.7800	-0.257840	0.012839	93.362518	-35.825134	75.764618	-120.613785
8.7900	0.272791	0.329624	99.939178	-3.487215	69.149918	185.143570
8.8000	0.299394	0.150374	-90.994858	-41.472111	71.828995	-11.285173
8.8100	-0.569047	-0.337987	94.207283	-33.540833	69.457077	-116.258911
8.8200	-0.013935	-0.012811	23.228785	97.264709	67.778671	2952.318848
8.8300	0.357953	0.903158	99.888977	4.710904	113.050209	93.798386
8.8400	0.962091	0.437797	-68.939079	-72.438965	115.428780	35.363934
8.8500	0.136906	-0.062405	-99.507172	9.915781	116.338249	214.342667
8.8600	0.131918	-0.098831	77.301102	63.439259	118.693298	-589.200928
8.8700	0.020944	0.168221	-63.416054	-77.320137	109.071869	-314.873505
8.8800	-0.686110	0.094542	9.553214	-99.542633	108.289268	-140.496262
8.8900	-0.235085	-0.107709	87.979591	47.535156	106.318787	25.402819
8.9000	0.701549	0.187003	-84.730049	-53.111385	109.395828	40.625713
8.9100	-0.221489	-0.053830	-34.978550	93.682983	111.169197	435.619415
8.9200	-0.449399	0.911766	99.676758	8.033956	119.300095	91.449234
8.9300	0.186890	0.471417	-22.962927	-97.327820	121.183014	28.637564
8.9400	-0.234981	-0.409831	-11.891929	-99.290390	139.920074	-82.704071
8.9500	0.155904	-1.123515	44.439705	89.582993	137.119781	-49.662209
8.9600	0.237796	-0.195689	-65.802628	75.299492	135.941086	-53.025562
8.9700	-0.590399	0.209403	-99.748596	-7.086435	128.734375	-63.889347
8.9800	-1.346822	-0.254418	65.912003	-75.203773	126.514854	-62.840199
8.9900	-0.519352	-0.584772	79.508774	60.649441	125.012062	-24.516090
9.0000	0.140135	0.144369	-14.524306	98.939598	123.947151	-394.310608
9.0100	0.177979	1.126711	47.630104	87.928230	118.306168	29.217089
9.0200	0.818272	1.863333	99.832932	5.778051	119.322708	43.774117
9.0300	1.730444	1.610399	31.595673	-94.877357	120.629852	38.487549
9.0400	1.761888	0.652288	-66.785484	-74.429153	121.682640	24.809956
9.0500	0.981573	0.054892	-98.223007	-18.768085	122.333313	13.482263
9.0600	-0.009413	-0.032234	-97.720848	21.228188	122.736023	2970.611084
9.0700	-0.849666	0.429355	84.545647	53.404430	169.082626	90.122467
9.0800	-0.074469	0.341743	35.179180	-93.607826	170.857315	41.291653
9.0900	-0.027058	-0.609506	-99.089851	-13.461088	178.935760	161.275726
9.1000	-0.195391	-0.298776	57.725674	81.656273	181.256943	-10.138597
9.1100	0.316680	0.556801	-89.346901	-44.912479	178.604996	-86.581490
9.1200	-0.033804	-0.158409	80.985733	-58.662689	176.556076	-564.559937
9.1300	0.377360	0.048238	-99.754509	-7.002711	166.434326	-14.989910
9.1400	-0.599743	-0.132091	-39.250153	91.975136	161.388672	160.009857
9.1500	-0.340680	0.121169	93.434296	-35.637508	163.727203	-6.269471
9.1600	0.608330	-0.190551	19.070503	98.164742	161.983902	-155.891510
9.1700	0.284278	0.028061	-97.147713	-23.713320	159.981812	49.204533
9.1800	-0.640501	0.148576	-92.929504	-36.933819	166.126114	-86.657028
9.1900	-1.051576	-0.533215	99.388321	-11.043652	163.473480	-46.476654
9.2000	-0.138188	-0.311716	53.470978	84.503578	162.356186	-42.923698
9.2100	0.089362	0.609214	-79.692146	60.408295	154.586655	-142.294495
9.2200	-0.351546	0.413061	51.349773	-85.809097	151.827988	-30.438978
9.2300	0.324742	-0.287836	-85.646439	-51.620609	140.829254	219.936325
9.2400	0.359915	-0.358175	-88.360336	46.823624	141.858963	57.386837
9.2500	-0.192315	0.363596	70.036263	71.378723	150.001556	231.649414
9.2600	-0.289774	0.497738	45.781445	-88.904778	151.891708	-8.969055
9.2700	0.225548	-0.356521	-93.982208	-34.166424	147.306168	231.559708
9.2800	0.255566	-0.518908	-69.545082	71.857376	148.456604	52.971539
9.2900	-0.079399	0.340216	-69.750984	-71.657524	153.139160	-241.045746
9.3000	-0.281437	0.459918	-44.049599	-89.775459	152.823395	-156.588913
9.3100	-0.027444	0.169192	77.393745	-63.326206	151.482208	386.550751
9.3200	0.849475	-0.247185	86.687683	49.852238	156.557739	-81.481407
9.3300	1.196691	0.494586	-97.002510	24.300467	154.183502	-45.957497
9.3400	0.260136	0.401356	-64.606110	-76.328568	153.069656	-26.553024
9.3500	-0.212592	-0.457264	-44.289787	89.657204	129.917267	154.600052
9.3600	0.045170	-0.151654	72.149399	69.242073	131.182053	-561.891907
9.3700	-0.080737	0.309306	28.512718	-95.848969	120.662178	10.574036
9.3800	0.126907	-0.665685	-99.540970	9.570550	122.617966	141.642853
9.3900	-0.068376	-0.219766	41.044689	91.188454	124.515854	-52.576675
9.4000	-0.041957	0.703112	99.730537	-7.336217	119.453949	140.717911
9.4100	0.168869	0.257584	-55.633869	-83.095566	121.541290	-3.142850
9.4200	-0.367582	-0.586019	-5.361622	-99.856163	121.004959	-70.137703
9.4300	0.025848	-1.356069	76.869049	63.962093	118.686516	-57.563339
9.4400	0.416864	-0.536303	-47.826153	87.821747	117.311050	-23.754866
9.4500	-0.199551	0.230916	-64.735870	-76.218544	115.372246	-323.782898
9.4600	-0.946922	0.115315	86.215919	50.663754	112.566055	63.647488
9.4700	-0.060077	0.163222	63.211781	-77.487228	113.983849	187.182541
9.4800	-0.169583	0.038262	-28.290459	95.914803	117.522903	502.377014
9.4900	0.100173	0.802279	-29.752169	-95.471504	127.536598	-21.884985
9.5000	-0.035499	-0.174907	55.051640	-83.482437	126.651520	-395.334839
9.5100	0.353661	-1.079173	-13.172631	-99.128609	121.083427	38.205662
9.5200	-0.036238	-1.955495	-99.021240	-13.956864	122.382088	50.487816
9.5300	-0.939069	-1.735866	-27.944635	96.016129	123.809692	35.602325
9.5400	-0.954694	-0.771430	60.691792	79.476448	124.745087	19.286659
9.5500	-0.247022	-0.079750	91.547768	40.236877	125.249603	39.157490
9.5600	0.703148	0.035251	-55.225292	83.367661	129.791031	-122.193695
9.5700	0.095971	0.077382	-72.003876	-69.393387	128.038361	71.583397
9.5800	-0.740699	-0.118576	75.677856	-65.367134	132.659317	-101.992912
9.5900	-0.020274	-0.080705	53.914005	84.221611	130.945511	-381.780457
9.6000	0.700546	0.555552	32.498802	-94.571815	126.903503	105.462059
9.6100	0.388402	-0.074529	-99.788620	6.498619	128.870331	31.411188
9.6200	-0.540371	0.213398	50.326633	-86.413132	139.273499	-106.522545
9.6300	0.136366	0.044556	58.806808	80.881142	137.287949	-408.593170
9.6400	0.783032	0.803316	73.656387	67.636803	131.204071	4.932699
9.6500	1.543587	1.451535	84.450165	53.555290	131.381729	8.890531
9.6600	2.419945	1.928564	96.395073	26.608076	131.677567	12.690103
9.6700	3.400362	2.101049	99.060081	-13.678482	132.084106	15.938160
9.6800	4.360601	1.848952	80.546829	-59.263885	132.581223	18.158287
9.6900	5.071509	1.158895	37.346272	-92.764519	133.134949	18.982813
9.7000	5.307160	0.197471	-18.361137	-98.299889	133.702347	18.367966
9.7100	4.993303	-0.742016	-66.255524	-74.901306	134.241913	16.605444
9.7200	4.248719	-1.397759	-93.373512	-35.796471	134.722397	14.126369
9.7300	3.287783	-1.653531	-99.931877	3.690424	135.125397	11.304688
9.7400	2.298745	-1.532569	-93.792824	34.682945	135.442673	8.386839
9.7500	1.386283	-1.128266	-83.420425	55.145554	135.672592	5.531888
9.7600	0.576366	-0.543188	-74.501335	66.704956	135.818726	3.223213
9.7700	-0.152030	0.141418	-63.294998	77.419266	135.973923	65.388298
9.7800	-0.322914	1.006848	86.016022	-51.002388	138.765289	62.732201
9.7900	0.154397	0.254072	-35.936184	-93.319832	140.168457	59.711491
9.8000	-0.501824	-0.363883	-97.835419	-20.693743	147.446411	65.625931
9.8100	-1.347821	-0.117215	46.972485	88.281288	149.714630	61.999546
9.8200	-0.618710	0.399813	92.346382	-38.368549	151.190231	24.292288
9.8300	0.206072	-0.135825	-13.848955	-99.036392	152.506180	365.920471
9.8400	0.441585	-1.027394	99.694405	7.811868	157.001434	-84.663780
9.8500	1.050441	-0.500757	-63.833904	76.975533	154.816498	-36.105122
9.8600	0.259375	0.049391	-99.968063	-2.527183	153.912766	-61.422546
9.8700	-0.532681	-0.368966	-98.815132	-15.348270	147.500763	67.360443
9.8800	-1.354370	-0.067990	53.439594	84.523430	149.789444	60.275257
9.8900	-0.589899	0.405965	90.908310	-41.661484	151.226166	24.044056
9.9000	0.216432	-0.157651	-33.380466	-94.264229	152.707581	357.955658
9.9100	0.320821	-1.048974	99.130859	13.155734	156.947693	-89.926720
9.9200	0.861390	-0.485216	-67.278175	73.984100	154.770874	-31.802557
9.9300	0.056393	0.058844	-99.947220	-3.248621	153.905548	-857.786316
9.9400	-0.915890	-0.120797	16.141562	-98.688652	139.638748	-108.193977
9.9500	-0.346613	-0.507939	69.378372	72.018341	137.426010	-27.178757
9.9600	0.175969	0.320269	8.212461	-99.662209	133.435471	151.026031
9.9700	-0.192041	0.109319	-53.117897	84.725960	136.099289	214.293060
9.9800	-0.223561	0.091122	81.805634	-57.513813	138.842850	-92.713203
9.9900	0.541652	0.154455	99.895905	4.561524	131.901260	40.847805
10.0000	1.462866	-0.091325	5.048796	-99.872467	133.467178	67.792091
