  0.00000E+00 -5.00000E+02 -1.00000E+02  1.00000E+02 -0.00000E+00  0.00000E+00 -3.84615E-02
  1.00000E-02 -4.99000E+02 -9.99997E+01  9.99999E+01  1.15329E-01 -1.15329E-03 -3.83876E-02
  2.00000E-02 -4.98000E+02 -9.99983E+01  9.99997E+01  2.30436E-01 -2.30436E-03 -3.83136E-02
  3.00000E-02 -4.97000E+02 -9.99957E+01  9.99994E+01  3.45321E-01 -3.45322E-03 -3.82396E-02
  4.00000E-02 -4.96000E+02 -9.99919E+01  9.99989E+01  4.59983E-01 -4.59985E-03 -3.81656E-02
  5.00000E-02 -4.95000E+02 -9.99871E+01  9.99984E+01  5.74423E-01 -5.74426E-03 -3.80916E-02
  6.00000E-02 -4.94000E+02 -9.99810E+01  9.99976E+01  6.88640E-01 -6.88645E-03 -3.80175E-02
  7.00000E-02 -4.93000E+02 -9.99739E+01  9.99968E+01  8.02634E-01 -8.02642E-03 -3.79435E-02
  8.00000E-02 -4.92000E+02 -9.99655E+01  9.99958E+01  9.16404E-01 -9.16417E-03 -3.78694E-02
  9.00000E-02 -4.91000E+02 -9.99561E+01  9.99947E+01  1.02995E+00 -1.02997E-02 -3.77954E-02
  1.00000E-01 -4.90000E+02 -9.99455E+01  9.99935E+01  1.14328E+00 -1.14330E-02 -3.77213E-02
  1.10000E-01 -4.89000E+02 -9.99338E+01  9.99921E+01  1.25638E+00 -1.25641E-02 -3.76472E-02
  1.20000E-01 -4.88000E+02 -9.99210E+01  9.99906E+01  1.36925E+00 -1.36929E-02 -3.75731E-02
  1.30000E-01 -4.87000E+02 -9.99070E+01  9.99890E+01  1.48190E+00 -1.48196E-02 -3.74990E-02
  1.40000E-01 -4.86001E+02 -9.98919E+01  9.99873E+01  1.59433E+00 -1.59440E-02 -3.74249E-02
  1.50000E-01 -4.85001E+02 -9.98757E+01  9.99854E+01  1.70654E+00 -1.70662E-02 -3.73508E-02
  1.60000E-01 -4.84001E+02 -9.98583E+01  9.99835E+01  1.81852E+00 -1.81862E-02 -3.72766E-02
  1.70000E-01 -4.83001E+02 -9.98399E+01  9.99814E+01  1.93027E+00 -1.93039E-02 -3.72025E-02
  1.80000E-01 -4.82001E+02 -9.98203E+01  9.99791E+01  2.04180E+00 -2.04194E-02 -3.71283E-02
  1.90000E-01 -4.81001E+02 -9.97996E+01  9.99768E+01  2.15311E+00 -2.15327E-02 -3.70542E-02
  2.00000E-01 -4.80002E+02 -9.97778E+01  9.99744E+01  2.26418E+00 -2.26438E-02 -3.69800E-02
  2.10000E-01 -4.79002E+02 -9.97549E+01  9.99718E+01  2.37504E+00 -2.37526E-02 -3.69058E-02
  2.20000E-01 -4.78002E+02 -9.97308E+01  9.99691E+01  2.48567E+00 -2.48592E-02 -3.68316E-02
  2.30000E-01 -4.77003E+02 -9.97057E+01  9.99663E+01  2.59607E+00 -2.59636E-02 -3.67574E-02
  2.40000E-01 -4.76003E+02 -9.96795E+01  9.99634E+01  2.70625E+00 -2.70658E-02 -3.66832E-02
  2.50000E-01 -4.75003E+02 -9.96521E+01  9.99603E+01  2.81620E+00 -2.81657E-02 -3.66090E-02
  2.60000E-01 -4.74004E+02 -9.96237E+01  9.99572E+01  2.92593E+00 -2.92634E-02 -3.65347E-02
  2.70000E-01 -4.73004E+02 -9.95941E+01  9.99539E+01  3.03543E+00 -3.03589E-02 -3.64605E-02
  2.80000E-01 -4.72005E+02 -9.95635E+01  9.99505E+01  3.14470E+00 -3.14522E-02 -3.63862E-02
  2.90000E-01 -4.71005E+02 -9.95318E+01  9.99471E+01  3.25375E+00 -3.25432E-02 -3.63119E-02
  3.00000E-01 -4.70006E+02 -9.94990E+01  9.99435E+01  3.36257E+00 -3.36320E-02 -3.62377E-02
  3.10000E-01 -4.69006E+02 -9.94651E+01  9.99397E+01  3.47116E+00 -3.47186E-02 -3.61634E-02
  3.20000E-01 -4.68007E+02 -9.94301E+01  9.99359E+01  3.57953E+00 -3.58029E-02 -3.60891E-02
  3.30000E-01 -4.67007E+02 -9.93940E+01  9.99320E+01  3.68767E+00 -3.68851E-02 -3.60148E-02
  3.40000E-01 -4.66008E+02 -9.93569E+01  9.99279E+01  3.79558E+00 -3.79649E-02 -3.59405E-02
  3.50000E-01 -4.65009E+02 -9.93187E+01  9.99238E+01  3.90327E+00 -3.90426E-02 -3.58662E-02
  3.60000E-01 -4.64010E+02 -9.92794E+01  9.99195E+01  4.01073E+00 -4.01180E-02 -3.57918E-02
  3.70000E-01 -4.63010E+02 -9.92390E+01  9.99152E+01  4.11796E+00 -4.11912E-02 -3.57175E-02
  3.80000E-01 -4.62011E+02 -9.91975E+01  9.99107E+01  4.22496E+00 -4.22622E-02 -3.56431E-02
  3.90000E-01 -4.61012E+02 -9.91550E+01  9.99061E+01  4.33174E+00 -4.33309E-02 -3.55688E-02
  4.00000E-01 -4.60013E+02 -9.91114E+01  9.99015E+01  4.43828E+00 -4.43974E-02 -3.54944E-02
  4.10000E-01 -4.59014E+02 -9.90668E+01  9.98967E+01  4.54460E+00 -4.54617E-02 -3.54200E-02
  4.20000E-01 -4.58015E+02 -9.90211E+01  9.98918E+01  4.65070E+00 -4.65237E-02 -3.53456E-02
  4.30000E-01 -4.57016E+02 -9.89743E+01  9.98868E+01  4.75656E+00 -4.75836E-02 -3.52712E-02
  4.40000E-01 -4.56017E+02 -9.89265E+01  9.98817E+01  4.86220E+00 -4.86411E-02 -3.51968E-02
  4.50000E-01 -4.55019E+02 -9.88776E+01  9.98765E+01  4.96760E+00 -4.96965E-02 -3.51224E-02
  4.60000E-01 -4.54020E+02 -9.88277E+01  9.98713E+01  5.07278E+00 -5.07496E-02 -3.50480E-02
  4.70000E-01 -4.53021E+02 -9.87767E+01  9.98659E+01  5.17773E+00 -5.18005E-02 -3.49736E-02
  4.80000E-01 -4.52023E+02 -9.87246E+01  9.98604E+01  5.28245E+00 -5.28491E-02 -3.48991E-02
  4.90000E-01 -4.51024E+02 -9.86715E+01  9.98548E+01  5.38695E+00 -5.38955E-02 -3.48247E-02
  5.00000E-01 -4.50025E+02 -9.86174E+01  9.98491E+01  5.49121E+00 -5.49397E-02 -3.47502E-02
  5.10000E-01 -4.49027E+02 -9.85622E+01  9.98433E+01  5.59524E+00 -5.59817E-02 -3.46758E-02
  5.20000E-01 -4.48029E+02 -9.85060E+01  9.98375E+01  5.69905E+00 -5.70214E-02 -3.46013E-02
  5.30000E-01 -4.47030E+02 -9.84488E+01  9.98315E+01  5.80263E+00 -5.80589E-02 -3.45268E-02
  5.40000E-01 -4.46032E+02 -9.83905E+01  9.98254E+01  5.90597E+00 -5.90941E-02 -3.44523E-02
  5.50000E-01 -4.45034E+02 -9.83312E+01  9.98193E+01  6.00909E+00 -6.01271E-02 -3.43778E-02
  5.60000E-01 -4.44035E+02 -9.82708E+01  9.98130E+01  6.11198E+00 -6.11579E-02 -3.43033E-02
  5.70000E-01 -4.43037E+02 -9.82094E+01  9.98067E+01  6.21464E+00 -6.21864E-02 -3.42288E-02
  5.80000E-01 -4.42039E+02 -9.81470E+01  9.98003E+01  6.31706E+00 -6.32127E-02 -3.41543E-02
  5.90000E-01 -4.41041E+02 -9.80836E+01  9.97937E+01  6.41926E+00 -6.42368E-02 -3.40798E-02
  6.00000E-01 -4.40043E+02 -9.80192E+01  9.97871E+01  6.52123E+00 -6.52587E-02 -3.40052E-02
  6.10000E-01 -4.39046E+02 -9.79537E+01  9.97804E+01  6.62297E+00 -6.62783E-02 -3.39307E-02
  6.20000E-01 -4.38048E+02 -9.78872E+01  9.97737E+01  6.72448E+00 -6.72956E-02 -3.38561E-02
  6.30000E-01 -4.37050E+02 -9.78197E+01  9.97668E+01  6.82576E+00 -6.83107E-02 -3.37816E-02
  6.40000E-01 -4.36052E+02 -9.77512E+01  9.97598E+01  6.92681E+00 -6.93236E-02 -3.37070E-02
  6.49999E-01 -4.35055E+02 -9.76817E+01  9.97528E+01  7.02763E+00 -7.03343E-02 -3.36324E-02
  6.59999E-01 -4.34057E+02 -9.76112E+01  9.97456E+01  7.12822E+00 -7.13427E-02 -3.35579E-02
  6.69999E-01 -4.33060E+02 -9.75396E+01  9.97384E+01  7.22858E+00 -7.23489E-02 -3.34833E-02
  6.79999E-01 -4.32062E+02 -9.74671E+01  9.97311E+01  7.32870E+00 -7.33528E-02 -3.34087E-02
  6.89999E-01 -4.31065E+02 -9.73935E+01  9.97237E+01  7.42860E+00 -7.43545E-02 -3.33341E-02
  6.99999E-01 -4.30068E+02 -9.73190E+01  9.97162E+01  7.52827E+00 -7.53540E-02 -3.32595E-02
  7.09999E-01 -4.29071E+02 -9.72435E+01  9.97087E+01  7.62770E+00 -7.63512E-02 -3.31848E-02
  7.19999E-01 -4.28074E+02 -9.71670E+01  9.97010E+01  7.72691E+00 -7.73462E-02 -3.31102E-02
  7.29999E-01 -4.27077E+02 -9.70894E+01  9.96933E+01  7.82588E+00 -7.83389E-02 -3.30356E-02
  7.39999E-01 -4.26080E+02 -9.70109E+01  9.96855E+01  7.92463E+00 -7.93294E-02 -3.29609E-02
  7.49999E-01 -4.25083E+02 -9.69314E+01  9.96776E+01  8.02314E+00 -8.03177E-02 -3.28863E-02
  7.59999E-01 -4.24086E+02 -9.68510E+01  9.96697E+01  8.12142E+00 -8.13037E-02 -3.28116E-02
  7.69999E-01 -4.23090E+02 -9.67695E+01  9.96616E+01  8.21947E+00 -8.22875E-02 -3.27370E-02
  7.79999E-01 -4.22093E+02 -9.66871E+01  9.96535E+01  8.31729E+00 -8.32691E-02 -3.26623E-02
  7.89999E-01 -4.21096E+02 -9.66037E+01  9.96453E+01  8.41488E+00 -8.42484E-02 -3.25876E-02
  7.99999E-01 -4.20100E+02 -9.65193E+01  9.96370E+01  8.51223E+00 -8.52254E-02 -3.25129E-02
  8.09999E-01 -4.19104E+02 -9.64339E+01  9.96287E+01  8.60936E+00 -8.62003E-02 -3.24383E-02
  8.19999E-01 -4.18107E+02 -9.63476E+01  9.96203E+01  8.70625E+00 -8.71729E-02 -3.23636E-02
  8.29999E-01 -4.17111E+02 -9.62603E+01  9.96118E+01  8.80291E+00 -8.81432E-02 -3.22889E-02
  8.39999E-01 -4.16115E+02 -9.61720E+01  9.96032E+01  8.89934E+00 -8.91113E-02 -3.22141E-02
  8.49999E-01 -4.15119E+02 -9.60827E+01  9.95946E+01  8.99554E+00 -9.00772E-02 -3.21394E-02
  8.59999E-01 -4.14123E+02 -9.59926E+01  9.95859E+01  9.09151E+00 -9.10408E-02 -3.20647E-02
  8.69999E-01 -4.13127E+02 -9.59014E+01  9.95771E+01  9.18724E+00 -9.20022E-02 -3.19900E-02
  8.79999E-01 -4.12132E+02 -9.58093E+01  9.95682E+01  9.28275E+00 -9.29613E-02 -3.19152E-02
  8.89999E-01 -4.11136E+02 -9.57162E+01  9.95593E+01  9.37802E+00 -9.39182E-02 -3.18405E-02
  8.99999E-01 -4.10140E+02 -9.56222E+01  9.95503E+01  9.47306E+00 -9.48729E-02 -3.17657E-02
  9.09999E-01 -4.09145E+02 -9.55272E+01  9.95412E+01  9.56787E+00 -9.58253E-02 -3.16910E-02
  9.19999E-01 -4.08150E+02 -9.54313E+01  9.95321E+01  9.66245E+00 -9.67754E-02 -3.16162E-02
  9.29999E-01 -4.07154E+02 -9.53345E+01  9.95229E+01  9.75679E+00 -9.77234E-02 -3.15415E-02
  9.39999E-01 -4.06159E+02 -9.52367E+01  9.95136E+01  9.85090E+00 -9.86691E-02 -3.14667E-02
  9.49999E-01 -4.05164E+02 -9.51379E+01  9.95043E+01  9.94478E+00 -9.96125E-02 -3.13919E-02
  9.59999E-01 -4.04169E+02 -9.50382E+01  9.94949E+01  1.00384E+01 -1.00554E-01 -3.13171E-02
  9.69999E-01 -4.03174E+02 -9.49376E+01  9.94854E+01  1.01319E+01 -1.01493E-01 -3.12423E-02
  9.79999E-01 -4.02179E+02 -9.48361E+01  9.94759E+01  1.02250E+01 -1.02429E-01 -3.11675E-02
  9.89999E-01 -4.01184E+02 -9.47336E+01  9.94663E+01  1.03180E+01 -1.03364E-01 -3.10927E-02
  9.99999E-01 -4.00190E+02 -9.46302E+01  9.94566E+01  1.04107E+01 -1.04296E-01 -3.10179E-02
  1.01000E+00 -3.99195E+02 -9.45258E+01  9.94469E+01  1.05032E+01 -1.05226E-01 -3.09431E-02
  1.02000E+00 -3.98201E+02 -9.44206E+01  9.94371E+01  1.05954E+01 -1.06154E-01 -3.08683E-02
  1.03000E+00 -3.97206E+02 -9.43144E+01  9.94272E+01  1.06875E+01 -1.07079E-01 -3.07935E-02
  1.04000E+00 -3.96212E+02 -9.42073E+01  9.94173E+01  1.07793E+01 -1.08002E-01 -3.07186E-02
  1.05000E+00 -3.95218E+02 -9.40993E+01  9.94074E+01  1.08708E+01 -1.08923E-01 -3.06438E-02
  1.06000E+00 -3.94224E+02 -9.39903E+01  9.93973E+01  1.09621E+01 -1.09842E-01 -3.05689E-02
  1.07000E+00 -3.93230E+02 -9.38805E+01  9.93873E+01  1.10532E+01 -1.10759E-01 -3.04941E-02
  1.08000E+00 -3.92236E+02 -9.37697E+01  9.93771E+01  1.11441E+01 -1.11673E-01 -3.04192E-02
  1.09000E+00 -3.91242E+02 -9.36581E+01  9.93669E+01  1.12347E+01 -1.12585E-01 -3.03444E-02
  1.10000E+00 -3.90249E+02 -9.35455E+01  9.93566E+01  1.13251E+01 -1.13495E-01 -3.02695E-02
  1.11000E+00 -3.89255E+02 -9.34320E+01  9.93463E+01  1.14153E+01 -1.14402E-01 -3.01946E-02
  1.12000E+00 -3.88262E+02 -9.33176E+01  9.93359E+01  1.15052E+01 -1.15308E-01 -3.01198E-02
  1.13000E+00 -3.87268E+02 -9.32024E+01  9.93255E+01  1.15949E+01 -1.16211E-01 -3.00449E-02
  1.14000E+00 -3.86275E+02 -9.30862E+01  9.93150E+01  1.16844E+01 -1.17111E-01 -2.99700E-02
  1.15000E+00 -3.85282E+02 -9.29691E+01  9.93045E+01  1.17736E+01 -1.18010E-01 -2.98951E-02
  1.16000E+00 -3.84289E+02 -9.28512E+01  9.92939E+01  1.18626E+01 -1.18906E-01 -2.98202E-02
  1.17000E+00 -3.83296E+02 -9.27323E+01  9.92833E+01  1.19514E+01 -1.19800E-01 -2.97453E-02
  1.18000E+00 -3.82303E+02 -9.26126E+01  9.92726E+01  1.20399E+01 -1.20692E-01 -2.96704E-02
  1.19000E+00 -3.81311E+02 -9.24920E+01  9.92618E+01  1.21282E+01 -1.21582E-01 -2.95955E-02
  1.20000E+00 -3.80318E+02 -9.23705E+01  9.92510E+01  1.22163E+01 -1.22469E-01 -2.95205E-02
  1.21000E+00 -3.79326E+02 -9.22481E+01  9.92402E+01  1.23041E+01 -1.23354E-01 -2.94456E-02
  1.22000E+00 -3.78333E+02 -9.21248E+01  9.92293E+01  1.23917E+01 -1.24237E-01 -2.93707E-02
  1.23000E+00 -3.77341E+02 -9.20007E+01  9.92183E+01  1.24791E+01 -1.25117E-01 -2.92957E-02
  1.24000E+00 -3.76349E+02 -9.18757E+01  9.92073E+01  1.25663E+01 -1.25996E-01 -2.92208E-02
  1.25000E+00 -3.75357E+02 -9.17498E+01  9.91963E+01  1.26532E+01 -1.26872E-01 -2.91459E-02
  1.26000E+00 -3.74365E+02 -9.16231E+01  9.91852E+01  1.27398E+01 -1.27746E-01 -2.90709E-02
  1.27000E+00 -3.73373E+02 -9.14955E+01  9.91740E+01  1.28263E+01 -1.28617E-01 -2.89959E-02
  1.28000E+00 -3.72381E+02 -9.13670E+01  9.91628E+01  1.29125E+01 -1.29486E-01 -2.89210E-02
  1.29000E+00 -3.71390E+02 -9.12376E+01  9.91516E+01  1.29985E+01 -1.30353E-01 -2.88460E-02
  1.30000E+00 -3.70398E+02 -9.11074E+01  9.91403E+01  1.30842E+01 -1.31218E-01 -2.87710E-02
  1.31000E+00 -3.69407E+02 -9.09764E+01  9.91290E+01  1.31697E+01 -1.32081E-01 -2.86961E-02
  1.32000E+00 -3.68416E+02 -9.08445E+01  9.91176E+01  1.32550E+01 -1.32941E-01 -2.86211E-02
  1.33000E+00 -3.67424E+02 -9.07117E+01  9.91062E+01  1.33400E+01 -1.33799E-01 -2.85461E-02
  1.34000E+00 -3.66433E+02 -9.05781E+01  9.90948E+01  1.34249E+01 -1.34655E-01 -2.84711E-02
  1.35000E+00 -3.65442E+02 -9.04436E+01  9.90833E+01  1.35094E+01 -1.35509E-01 -2.83961E-02
  1.36000E+00 -3.64452E+02 -9.03083E+01  9.90717E+01  1.35938E+01 -1.36360E-01 -2.83211E-02
  1.37000E+00 -3.63461E+02 -9.01722E+01  9.90602E+01  1.36779E+01 -1.37209E-01 -2.82461E-02
  1.38000E+00 -3.62470E+02 -9.00352E+01  9.90485E+01  1.37618E+01 -1.38056E-01 -2.81711E-02
  1.39000E+00 -3.61480E+02 -8.98974E+01  9.90369E+01  1.38454E+01 -1.38900E-01 -2.80961E-02
  1.40000E+00 -3.60490E+02 -8.97587E+01  9.90252E+01  1.39288E+01 -1.39743E-01 -2.80211E-02
  1.41000E+00 -3.59499E+02 -8.96192E+01  9.90135E+01  1.40120E+01 -1.40583E-01 -2.79460E-02
  1.42000E+00 -3.58509E+02 -8.94789E+01  9.90017E+01  1.40950E+01 -1.41421E-01 -2.78710E-02
  1.43000E+00 -3.57519E+02 -8.93377E+01  9.89899E+01  1.41777E+01 -1.42256E-01 -2.77960E-02
  1.44000E+00 -3.56530E+02 -8.91957E+01  9.89780E+01  1.42602E+01 -1.43090E-01 -2.77209E-02
  1.45000E+00 -3.55540E+02 -8.90529E+01  9.89661E+01  1.43424E+01 -1.43921E-01 -2.76459E-02
  1.46000E+00 -3.54550E+02 -8.89093E+01  9.89542E+01  1.44244E+01 -1.44749E-01 -2.75709E-02
  1.47000E+00 -3.53561E+02 -8.87648E+01  9.89423E+01  1.45062E+01 -1.45576E-01 -2.74958E-02
  1.48000E+00 -3.52571E+02 -8.86196E+01  9.89303E+01  1.45878E+01 -1.46400E-01 -2.74208E-02
  1.49000E+00 -3.51582E+02 -8.84735E+01  9.89182E+01  1.46691E+01 -1.47222E-01 -2.73457E-02
  1.50000E+00 -3.50593E+02 -8.83266E+01  9.89062E+01  1.47502E+01 -1.48042E-01 -2.72707E-02
  1.51000E+00 -3.49604E+02 -8.81789E+01  9.88941E+01  1.48311E+01 -1.48860E-01 -2.71956E-02
  1.52000E+00 -3.48615E+02 -8.80304E+01  9.88820E+01  1.49117E+01 -1.49675E-01 -2.71205E-02
  1.53000E+00 -3.47626E+02 -8.78811E+01  9.88698E+01  1.49921E+01 -1.50488E-01 -2.70455E-02
  1.54000E+00 -3.46637E+02 -8.77309E+01  9.88576E+01  1.50722E+01 -1.51299E-01 -2.69704E-02
  1.55000E+00 -3.45649E+02 -8.75800E+01  9.88454E+01  1.51522E+01 -1.52107E-01 -2.68953E-02
  1.56000E+00 -3.44660E+02 -8.74283E+01  9.88331E+01  1.52318E+01 -1.52914E-01 -2.68202E-02
  1.57000E+00 -3.43672E+02 -8.72758E+01  9.88209E+01  1.53113E+01 -1.53718E-01 -2.67452E-02
  1.58000E+00 -3.42684E+02 -8.71225E+01  9.88086E+01  1.53905E+01 -1.54520E-01 -2.66701E-02
  1.59000E+00 -3.41696E+02 -8.69684E+01  9.87962E+01  1.54695E+01 -1.55319E-01 -2.65950E-02
  1.60000E+00 -3.40708E+02 -8.68135E+01  9.87839E+01  1.55483E+01 -1.56116E-01 -2.65199E-02
  1.61000E+00 -3.39720E+02 -8.66578E+01  9.87715E+01  1.56268E+01 -1.56911E-01 -2.64448E-02
  1.62000E+00 -3.38732E+02 -8.65014E+01  9.87590E+01  1.57051E+01 -1.57704E-01 -2.63697E-02
  1.63000E+00 -3.37745E+02 -8.63441E+01  9.87466E+01  1.57832E+01 -1.58495E-01 -2.62946E-02
  1.64000E+00 -3.36757E+02 -8.61861E+01  9.87341E+01  1.58610E+01 -1.59283E-01 -2.62195E-02
  1.65000E+00 -3.35770E+02 -8.60273E+01  9.87216E+01  1.59386E+01 -1.60069E-01 -2.61444E-02
  1.66000E+00 -3.34783E+02 -8.58677E+01  9.87091E+01  1.60160E+01 -1.60853E-01 -2.60693E-02
  1.67000E+00 -3.33796E+02 -8.57073E+01  9.86966E+01  1.60931E+01 -1.61634E-01 -2.59941E-02
  1.68000E+00 -3.32809E+02 -8.55462E+01  9.86840E+01  1.61700E+01 -1.62414E-01 -2.59190E-02
  1.69000E+00 -3.31822E+02 -8.53843E+01  9.86714E+01  1.62467E+01 -1.63191E-01 -2.58439E-02
  1.70000E+00 -3.30835E+02 -8.52217E+01  9.86588E+01  1.63232E+01 -1.63965E-01 -2.57687E-02
  1.71000E+00 -3.29849E+02 -8.50582E+01  9.86461E+01  1.63994E+01 -1.64738E-01 -2.56936E-02
  1.72000E+00 -3.28862E+02 -8.48941E+01  9.86335E+01  1.64753E+01 -1.65508E-01 -2.56184E-02
  1.73000E+00 -3.27876E+02 -8.47291E+01  9.86208E+01  1.65511E+01 -1.66276E-01 -2.55433E-02
  1.74000E+00 -3.26890E+02 -8.45634E+01  9.86081E+01  1.66266E+01 -1.67042E-01 -2.54681E-02
  1.75000E+00 -3.25904E+02 -8.43970E+01  9.85954E+01  1.67019E+01 -1.67805E-01 -2.53930E-02
  1.76000E+00 -3.24918E+02 -8.42298E+01  9.85826E+01  1.67769E+01 -1.68566E-01 -2.53178E-02
  1.77000E+00 -3.23932E+02 -8.40618E+01  9.85699E+01  1.68517E+01 -1.69325E-01 -2.52427E-02
  1.78000E+00 -3.22946E+02 -8.38931E+01  9.85571E+01  1.69263E+01 -1.70082E-01 -2.51675E-02
  1.79000E+00 -3.21961E+02 -8.37236E+01  9.85443E+01  1.70007E+01 -1.70837E-01 -2.50924E-02
  1.80000E+00 -3.20975E+02 -8.35535E+01  9.85315E+01  1.70748E+01 -1.71589E-01 -2.50172E-02
  1.81000E+00 -3.19990E+02 -8.33825E+01  9.85186E+01  1.71487E+01 -1.72339E-01 -2.49420E-02
  1.82000E+00 -3.19005E+02 -8.32108E+01  9.85058E+01  1.72224E+01 -1.73086E-01 -2.48669E-02
  1.83000E+00 -3.18020E+02 -8.30384E+01  9.84929E+01  1.72958E+01 -1.73832E-01 -2.47917E-02
  1.84000E+00 -3.17035E+02 -8.28653E+01  9.84800E+01  1.73690E+01 -1.74575E-01 -2.47165E-02
  1.85000E+00 -3.16050E+02 -8.26914E+01  9.84671E+01  1.74419E+01 -1.75316E-01 -2.46413E-02
  1.86000E+00 -3.15066E+02 -8.25168E+01  9.84542E+01  1.75147E+01 -1.76055E-01 -2.45661E-02
  1.87000E+00 -3.14081E+02 -8.23415E+01  9.84413E+01  1.75872E+01 -1.76791E-01 -2.44910E-02
  1.88000E+00 -3.13097E+02 -8.21654E+01  9.84284E+01  1.76594E+01 -1.77525E-01 -2.44158E-02
  1.89000E+00 -3.12112E+02 -8.19887E+01  9.84154E+01  1.77315E+01 -1.78257E-01 -2.43406E-02
  1.90000E+00 -3.11128E+02 -8.18112E+01  9.84025E+01  1.78033E+01 -1.78987E-01 -2.42654E-02
  1.91000E+00 -3.10144E+02 -8.16330E+01  9.83895E+01  1.78748E+01 -1.79714E-01 -2.41902E-02
  1.92000E+00 -3.09160E+02 -8.14540E+01  9.83765E+01  1.79462E+01 -1.80439E-01 -2.41150E-02
  1.93000E+00 -3.08177E+02 -8.12744E+01  9.83635E+01  1.80173E+01 -1.81162E-01 -2.40398E-02
  1.94000E+00 -3.07193E+02 -8.10940E+01  9.83505E+01  1.80882E+01 -1.81883E-01 -2.39646E-02
  1.95000E+00 -3.06210E+02 -8.09130E+01  9.83375E+01  1.81588E+01 -1.82601E-01 -2.38894E-02
  1.96000E+00 -3.05226E+02 -8.07312E+01  9.83244E+01  1.82292E+01 -1.83317E-01 -2.38141E-02
  1.97000E+00 -3.04243E+02 -8.05487E+01  9.83114E+01  1.82994E+01 -1.84031E-01 -2.37389E-02
  1.98000E+00 -3.03260E+02 -8.03656E+01  9.82984E+01  1.83694E+01 -1.84743E-01 -2.36637E-02
  1.99000E+00 -3.02277E+02 -8.01817E+01  9.82853E+01  1.84391E+01 -1.85452E-01 -2.35885E-02
  2.00000E+00 -3.01294E+02 -7.99971E+01  9.82722E+01  1.85086E+01 -1.86159E-01 -2.35132E-02
  2.01000E+00 -3.00312E+02 -7.98119E+01  9.82592E+01  1.85779E+01 -1.86864E-01 -2.34380E-02
  2.02000E+00 -2.99329E+02 -7.96259E+01  9.82461E+01  1.86469E+01 -1.87567E-01 -2.33628E-02
  2.03000E+00 -2.98347E+02 -7.94393E+01  9.82330E+01  1.87157E+01 -1.88267E-01 -2.32876E-02
  2.04000E+00 -2.97364E+02 -7.92520E+01  9.82199E+01  1.87843E+01 -1.88965E-01 -2.32123E-02
  2.05000E+00 -2.96382E+02 -7.90639E+01  9.82068E+01  1.88526E+01 -1.89661E-01 -2.31371E-02
  2.06000E+00 -2.95400E+02 -7.88752E+01  9.81937E+01  1.89207E+01 -1.90354E-01 -2.30618E-02
  2.07000E+00 -2.94418E+02 -7.86859E+01  9.81806E+01  1.89886E+01 -1.91046E-01 -2.29866E-02
  2.08000E+00 -2.93436E+02 -7.84958E+01  9.81675E+01  1.90562E+01 -1.91735E-01 -2.29113E-02
  2.09000E+00 -2.92455E+02 -7.83051E+01  9.81544E+01  1.91236E+01 -1.92422E-01 -2.28361E-02
  2.10000E+00 -2.91473E+02 -7.81137E+01  9.81413E+01  1.91908E+01 -1.93106E-01 -2.27609E-02
  2.11000E+00 -2.90492E+02 -7.79216E+01  9.81282E+01  1.92578E+01 -1.93788E-01 -2.26856E-02
  2.12000E+00 -2.89511E+02 -7.77289E+01  9.81151E+01  1.93245E+01 -1.94468E-01 -2.26103E-02
  2.13000E+00 -2.88530E+02 -7.75355E+01  9.81019E+01  1.93910E+01 -1.95146E-01 -2.25351E-02
  2.14000E+00 -2.87549E+02 -7.73414E+01  9.80888E+01  1.94572E+01 -1.95822E-01 -2.24598E-02
  2.15000E+00 -2.86568E+02 -7.71467E+01  9.80757E+01  1.95233E+01 -1.96495E-01 -2.23846E-02
  2.16000E+00 -2.85587E+02 -7.69513E+01  9.80626E+01  1.95891E+01 -1.97166E-01 -2.23093E-02
  2.17000E+00 -2.84606E+02 -7.67552E+01  9.80495E+01  1.96546E+01 -1.97834E-01 -2.22341E-02
  2.18000E+00 -2.83626E+02 -7.65585E+01  9.80363E+01  1.97200E+01 -1.98501E-01 -2.21588E-02
  2.19000E+00 -2.82646E+02 -7.63611E+01  9.80232E+01  1.97851E+01 -1.99165E-01 -2.20835E-02
  2.20000E+00 -2.81666E+02 -7.61631E+01  9.80101E+01  1.98500E+01 -1.99827E-01 -2.20082E-02
  2.21000E+00 -2.80685E+02 -7.59645E+01  9.79970E+01  1.99146E+01 -2.00487E-01 -2.19330E-02
  2.22000E+00 -2.79706E+02 -7.57652E+01  9.79839E+01  1.99790E+01 -2.01144E-01 -2.18577E-02
  2.23000E+00 -2.78726E+02 -7.55652E+01  9.79708E+01  2.00432E+01 -2.01799E-01 -2.17824E-02
  2.24000E+00 -2.77746E+02 -7.53646E+01  9.79576E+01  2.01072E+01 -2.02452E-01 -2.17072E-02
  2.25000E+00 -2.76767E+02 -7.51634E+01  9.79445E+01  2.01709E+01 -2.03103E-01 -2.16319E-02
  2.26000E+00 -2.75787E+02 -7.49615E+01  9.79314E+01  2.02344E+01 -2.03751E-01 -2.15566E-02
  2.27000E+00 -2.74808E+02 -7.47590E+01  9.79184E+01  2.02977E+01 -2.04397E-01 -2.14813E-02
  2.28000E+00 -2.73829E+02 -7.45559E+01  9.79053E+01  2.03607E+01 -2.05041E-01 -2.14060E-02
  2.29000E+00 -2.72850E+02 -7.43521E+01  9.78922E+01  2.04236E+01 -2.05683E-01 -2.13307E-02
  2.30000E+00 -2.71871E+02 -7.41477E+01  9.78791E+01  2.04861E+01 -2.06322E-01 -2.12554E-02
  2.31000E+00 -2.70892E+02 -7.39427E+01  9.78660E+01  2.05485E+01 -2.06959E-01 -2.11801E-02
  2.32000E+00 -2.69913E+02 -7.37371E+01  9.78530E+01  2.06106E+01 -2.07594E-01 -2.11048E-02
  2.33000E+00 -2.68935E+02 -7.35308E+01  9.78399E+01  2.06725E+01 -2.08227E-01 -2.10296E-02
  2.34000E+00 -2.67957E+02 -7.33240E+01  9.78269E+01  2.07342E+01 -2.08857E-01 -2.09543E-02
  2.35000E+00 -2.66978E+02 -7.31165E+01  9.78138E+01  2.07956E+01 -2.09485E-01 -2.08790E-02
  2.36000E+00 -2.66000E+02 -7.29084E+01  9.78008E+01  2.08568E+01 -2.10111E-01 -2.08037E-02
  2.37000E+00 -2.65022E+02 -7.26996E+01  9.77878E+01  2.09178E+01 -2.10734E-01 -2.07284E-02
  2.38000E+00 -2.64045E+02 -7.24903E+01  9.77747E+01  2.09786E+01 -2.11356E-01 -2.06531E-02
  2.39000E+00 -2.63067E+02 -7.22804E+01  9.77617E+01  2.10391E+01 -2.11975E-01 -2.05777E-02
  2.40000E+00 -2.62089E+02 -7.20698E+01  9.77487E+01  2.10994E+01 -2.12591E-01 -2.05024E-02
  2.41000E+00 -2.61112E+02 -7.18587E+01  9.77358E+01  2.11594E+01 -2.13206E-01 -2.04271E-02
  2.42000E+00 -2.60134E+02 -7.16469E+01  9.77228E+01  2.12193E+01 -2.13818E-01 -2.03518E-02
  2.43000E+00 -2.59157E+02 -7.14346E+01  9.77098E+01  2.12789E+01 -2.14428E-01 -2.02765E-02
  2.44000E+00 -2.58180E+02 -7.12217E+01  9.76969E+01  2.13382E+01 -2.15036E-01 -2.02012E-02
  2.45000E+00 -2.57203E+02 -7.10082E+01  9.76839E+01  2.13974E+01 -2.15641E-01 -2.01259E-02
  2.46000E+00 -2.56227E+02 -7.07940E+01  9.76710E+01  2.14563E+01 -2.16244E-01 -2.00506E-02
  2.47000E+00 -2.55250E+02 -7.05793E+01  9.76581E+01  2.15150E+01 -2.16845E-01 -1.99752E-02
  2.48000E+00 -2.54273E+02 -7.03640E+01  9.76452E+01  2.15735E+01 -2.17444E-01 -1.98999E-02
  2.49000E+00 -2.53297E+02 -7.01482E+01  9.76323E+01  2.16317E+01 -2.18041E-01 -1.98246E-02
  2.50000E+00 -2.52321E+02 -6.99317E+01  9.76195E+01  2.16897E+01 -2.18635E-01 -1.97493E-02
  2.51000E+00 -2.51344E+02 -6.97147E+01  9.76066E+01  2.17475E+01 -2.19227E-01 -1.96739E-02
  2.52000E+00 -2.50368E+02 -6.94970E+01  9.75938E+01  2.18050E+01 -2.19816E-01 -1.95986E-02
  2.53000E+00 -2.49393E+02 -6.92788E+01  9.75809E+01  2.18624E+01 -2.20404E-01 -1.95233E-02
  2.54000E+00 -2.48417E+02 -6.90601E+01  9.75681E+01  2.19194E+01 -2.20989E-01 -1.94480E-02
  2.55000E+00 -2.47441E+02 -6.88408E+01  9.75553E+01  2.19763E+01 -2.21572E-01 -1.93726E-02
  2.56000E+00 -2.46466E+02 -6.86208E+01  9.75425E+01  2.20330E+01 -2.22152E-01 -1.92973E-02
  2.57000E+00 -2.45490E+02 -6.84004E+01  9.75298E+01  2.20894E+01 -2.22731E-01 -1.92220E-02
  2.58000E+00 -2.44515E+02 -6.81793E+01  9.75171E+01  2.21455E+01 -2.23307E-01 -1.91466E-02
  2.59000E+00 -2.43540E+02 -6.79578E+01  9.75043E+01  2.22015E+01 -2.23881E-01 -1.90713E-02
  2.60000E+00 -2.42565E+02 -6.77356E+01  9.74916E+01  2.22572E+01 -2.24452E-01 -1.89959E-02
  2.61000E+00 -2.41590E+02 -6.75129E+01  9.74789E+01  2.23127E+01 -2.25021E-01 -1.89206E-02
  2.62000E+00 -2.40615E+02 -6.72896E+01  9.74663E+01  2.23680E+01 -2.25588E-01 -1.88453E-02
  2.63000E+00 -2.39641E+02 -6.70658E+01  9.74536E+01  2.24230E+01 -2.26153E-01 -1.87699E-02
  2.64000E+00 -2.38666E+02 -6.68415E+01  9.74410E+01  2.24779E+01 -2.26716E-01 -1.86946E-02
  2.65000E+00 -2.37692E+02 -6.66165E+01  9.74284E+01  2.25324E+01 -2.27276E-01 -1.86192E-02
  2.66000E+00 -2.36718E+02 -6.63911E+01  9.74158E+01  2.25868E+01 -2.27834E-01 -1.85439E-02
  2.67000E+00 -2.35743E+02 -6.61651E+01  9.74032E+01  2.26409E+01 -2.28390E-01 -1.84685E-02
  2.68000E+00 -2.34769E+02 -6.59385E+01  9.73907E+01  2.26948E+01 -2.28943E-01 -1.83932E-02
  2.69000E+00 -2.33796E+02 -6.57115E+01  9.73782E+01  2.27485E+01 -2.29494E-01 -1.83178E-02
  2.70000E+00 -2.32822E+02 -6.54838E+01  9.73656E+01  2.28020E+01 -2.30043E-01 -1.82425E-02
  2.71000E+00 -2.31848E+02 -6.52557E+01  9.73532E+01  2.28552E+01 -2.30590E-01 -1.81671E-02
  2.72000E+00 -2.30875E+02 -6.50270E+01  9.73407E+01  2.29082E+01 -2.31135E-01 -1.80918E-02
  2.73000E+00 -2.29901E+02 -6.47978E+01  9.73283E+01  2.29610E+01 -2.31677E-01 -1.80164E-02
  2.74000E+00 -2.28928E+02 -6.45681E+01  9.73159E+01  2.30135E+01 -2.32217E-01 -1.79411E-02
  2.75000E+00 -2.27955E+02 -6.43378E+01  9.73035E+01  2.30658E+01 -2.32754E-01 -1.78657E-02
  2.76000E+00 -2.26982E+02 -6.41070E+01  9.72911E+01  2.31179E+01 -2.33290E-01 -1.77904E-02
  2.77000E+00 -2.26009E+02 -6.38757E+01  9.72788E+01  2.31698E+01 -2.33823E-01 -1.77150E-02
  2.78000E+00 -2.25036E+02 -6.36439E+01  9.72665E+01  2.32214E+01 -2.34354E-01 -1.76396E-02
  2.79000E+00 -2.24064E+02 -6.34115E+01  9.72542E+01  2.32729E+01 -2.34882E-01 -1.75643E-02
  2.80000E+00 -2.23091E+02 -6.31787E+01  9.72419E+01  2.33240E+01 -2.35409E-01 -1.74889E-02
  2.81000E+00 -2.22119E+02 -6.29453E+01  9.72297E+01  2.33750E+01 -2.35933E-01 -1.74135E-02
  2.82000E+00 -2.21147E+02 -6.27115E+01  9.72175E+01  2.34257E+01 -2.36455E-01 -1.73382E-02
  2.83000E+00 -2.20175E+02 -6.24771E+01  9.72053E+01  2.34763E+01 -2.36974E-01 -1.72628E-02
  2.84000E+00 -2.19203E+02 -6.22422E+01  9.71931E+01  2.35265E+01 -2.37492E-01 -1.71874E-02
  2.85000E+00 -2.18231E+02 -6.20068E+01  9.71810E+01  2.35766E+01 -2.38007E-01 -1.71120E-02
  2.86000E+00 -2.17259E+02 -6.17709E+01  9.71689E+01  2.36264E+01 -2.38519E-01 -1.70367E-02
  2.87000E+00 -2.16287E+02 -6.15345E+01  9.71568E+01  2.36760E+01 -2.39030E-01 -1.69613E-02
  2.88000E+00 -2.15316E+02 -6.12976E+01  9.71448E+01  2.37254E+01 -2.39538E-01 -1.68859E-02
  2.89000E+00 -2.14344E+02 -6.10603E+01  9.71328E+01  2.37746E+01 -2.40044E-01 -1.68105E-02
  2.90000E+00 -2.13373E+02 -6.08224E+01  9.71208E+01  2.38235E+01 -2.40548E-01 -1.67352E-02
  2.91000E+00 -2.12402E+02 -6.05841E+01  9.71088E+01  2.38722E+01 -2.41049E-01 -1.66598E-02
  2.92000E+00 -2.11431E+02 -6.03452E+01  9.70969E+01  2.39207E+01 -2.41549E-01 -1.65844E-02
  2.93000E+00 -2.10460E+02 -6.01059E+01  9.70850E+01  2.39689E+01 -2.42046E-01 -1.65091E-02
  2.94000E+00 -2.09489E+02 -5.98661E+01  9.70731E+01  2.40169E+01 -2.42540E-01 -1.64337E-02
  2.95000E+00 -2.08518E+02 -5.96258E+01  9.70613E+01  2.40647E+01 -2.43033E-01 -1.63583E-02
  2.96000E+00 -2.07548E+02 -5.93850E+01  9.70495E+01  2.41123E+01 -2.43523E-01 -1.62829E-02
  2.97000E+00 -2.06577E+02 -5.91438E+01  9.70377E+01  2.41597E+01 -2.44011E-01 -1.62075E-02
  2.98000E+00 -2.05607E+02 -5.89021E+01  9.70259E+01  2.42068E+01 -2.44497E-01 -1.61321E-02
  2.99000E+00 -2.04637E+02 -5.86599E+01  9.70142E+01  2.42537E+01 -2.44980E-01 -1.60568E-02
  3.00000E+00 -2.03667E+02 -5.84172E+01  9.70025E+01  2.43004E+01 -2.45461E-01 -1.59814E-02
  3.01000E+00 -2.02697E+02 -5.81741E+01  9.69909E+01  2.43468E+01 -2.45940E-01 -1.59060E-02
  3.02000E+00 -2.01727E+02 -5.79305E+01  9.69793E+01  2.43930E+01 -2.46417E-01 -1.58306E-02
  3.03000E+00 -2.00757E+02 -5.76865E+01  9.69677E+01  2.44390E+01 -2.46891E-01 -1.57552E-02
  3.04000E+00 -1.99787E+02 -5.74420E+01  9.69561E+01  2.44848E+01 -2.47363E-01 -1.56798E-02
  3.05000E+00 -1.98818E+02 -5.71970E+01  9.69446E+01  2.45304E+01 -2.47833E-01 -1.56044E-02
  3.06000E+00 -1.97849E+02 -5.69516E+01  9.69332E+01  2.45757E+01 -2.48300E-01 -1.55291E-02
  3.07000E+00 -1.96879E+02 -5.67058E+01  9.69217E+01  2.46208E+01 -2.48766E-01 -1.54537E-02
  3.08000E+00 -1.95910E+02 -5.64594E+01  9.69103E+01  2.46657E+01 -2.49229E-01 -1.53783E-02
  3.09000E+00 -1.94941E+02 -5.62127E+01  9.68989E+01  2.47103E+01 -2.49689E-01 -1.53029E-02
  3.10000E+00 -1.93972E+02 -5.59655E+01  9.68876E+01  2.47547E+01 -2.50148E-01 -1.52275E-02
  3.11000E+00 -1.93003E+02 -5.57178E+01  9.68763E+01  2.47989E+01 -2.50604E-01 -1.51521E-02
  3.12000E+00 -1.92035E+02 -5.54697E+01  9.68650E+01  2.48429E+01 -2.51058E-01 -1.50767E-02
  3.13000E+00 -1.91066E+02 -5.52212E+01  9.68538E+01  2.48867E+01 -2.51510E-01 -1.50013E-02
  3.14000E+00 -1.90097E+02 -5.49722E+01  9.68426E+01  2.49302E+01 -2.51959E-01 -1.49260E-02
  3.15000E+00 -1.89129E+02 -5.47228E+01  9.68314E+01  2.49735E+01 -2.52407E-01 -1.48506E-02
  3.16000E+00 -1.88161E+02 -5.44730E+01  9.68203E+01  2.50166E+01 -2.52852E-01 -1.47752E-02
  3.17000E+00 -1.87193E+02 -5.42227E+01  9.68092E+01  2.50594E+01 -2.53294E-01 -1.46997E-02
  3.18000E+00 -1.86225E+02 -5.39720E+01  9.67982E+01  2.51021E+01 -2.53735E-01 -1.46244E-02
  3.19000E+00 -1.85257E+02 -5.37209E+01  9.67872E+01  2.51445E+01 -2.54173E-01 -1.45489E-02
  3.20000E+00 -1.84289E+02 -5.34693E+01  9.67762E+01  2.51867E+01 -2.54609E-01 -1.44736E-02
  3.21000E+00 -1.83321E+02 -5.32173E+01  9.67653E+01  2.52286E+01 -2.55042E-01 -1.43982E-02
  3.22000E+00 -1.82353E+02 -5.29650E+01  9.67544E+01  2.52704E+01 -2.55474E-01 -1.43227E-02
  3.23000E+00 -1.81386E+02 -5.27122E+01  9.67435E+01  2.53119E+01 -2.55903E-01 -1.42473E-02
  3.24000E+00 -1.80419E+02 -5.24589E+01  9.67327E+01  2.53532E+01 -2.56330E-01 -1.41719E-02
  3.25000E+00 -1.79451E+02 -5.22053E+01  9.67219E+01  2.53943E+01 -2.56754E-01 -1.40965E-02
  3.26000E+00 -1.78484E+02 -5.19513E+01  9.67112E+01  2.54351E+01 -2.57177E-01 -1.40211E-02
  3.27000E+00 -1.77517E+02 -5.16968E+01  9.67005E+01  2.54757E+01 -2.57597E-01 -1.39457E-02
  3.28000E+00 -1.76550E+02 -5.14420E+01  9.66898E+01  2.55161E+01 -2.58015E-01 -1.38703E-02
  3.29000E+00 -1.75583E+02 -5.11867E+01  9.66792E+01  2.55563E+01 -2.58430E-01 -1.37949E-02
  3.30000E+00 -1.74616E+02 -5.09310E+01  9.66687E+01  2.55963E+01 -2.58843E-01 -1.37195E-02
  3.31000E+00 -1.73650E+02 -5.06750E+01  9.66581E+01  2.56360E+01 -2.59254E-01 -1.36441E-02
  3.32000E+00 -1.72683E+02 -5.04185E+01  9.66477E+01  2.56755E+01 -2.59663E-01 -1.35687E-02
  3.33000E+00 -1.71717E+02 -5.01617E+01  9.66372E+01  2.57148E+01 -2.60070E-01 -1.34933E-02
  3.34000E+00 -1.70750E+02 -4.99044E+01  9.66268E+01  2.57538E+01 -2.60474E-01 -1.34179E-02
  3.35000E+00 -1.69784E+02 -4.96468E+01  9.66164E+01  2.57927E+01 -2.60876E-01 -1.33425E-02
  3.36000E+00 -1.68818E+02 -4.93888E+01  9.66061E+01  2.58313E+01 -2.61275E-01 -1.32671E-02
  3.37000E+00 -1.67852E+02 -4.91304E+01  9.65959E+01  2.58697E+01 -2.61673E-01 -1.31917E-02
  3.38000E+00 -1.66886E+02 -4.88716E+01  9.65856E+01  2.59079E+01 -2.62068E-01 -1.31163E-02
  3.39000E+00 -1.65920E+02 -4.86124E+01  9.65754E+01  2.59458E+01 -2.62461E-01 -1.30409E-02
  3.40000E+00 -1.64955E+02 -4.83529E+01  9.65653E+01  2.59835E+01 -2.62852E-01 -1.29655E-02
  3.41000E+00 -1.63989E+02 -4.80929E+01  9.65552E+01  2.60210E+01 -2.63240E-01 -1.28901E-02
  3.42000E+00 -1.63023E+02 -4.78326E+01  9.65451E+01  2.60583E+01 -2.63626E-01 -1.28146E-02
  3.43000E+00 -1.62058E+02 -4.75720E+01  9.65351E+01  2.60954E+01 -2.64010E-01 -1.27392E-02
  3.44000E+00 -1.61093E+02 -4.73109E+01  9.65252E+01  2.61322E+01 -2.64392E-01 -1.26638E-02
  3.45000E+00 -1.60128E+02 -4.70495E+01  9.65152E+01  2.61688E+01 -2.64771E-01 -1.25884E-02
  3.46000E+00 -1.59162E+02 -4.67877E+01  9.65054E+01  2.62052E+01 -2.65148E-01 -1.25129E-02
  3.47000E+00 -1.58197E+02 -4.65256E+01  9.64955E+01  2.62414E+01 -2.65523E-01 -1.24375E-02
  3.48000E+00 -1.57232E+02 -4.62631E+01  9.64858E+01  2.62773E+01 -2.65896E-01 -1.23621E-02
  3.49000E+00 -1.56268E+02 -4.60002E+01  9.64760E+01  2.63131E+01 -2.66266E-01 -1.22867E-02
  3.50000E+00 -1.55303E+02 -4.57370E+01  9.64663E+01  2.63486E+01 -2.66634E-01 -1.22113E-02
  3.51000E+00 -1.54338E+02 -4.54734E+01  9.64567E+01  2.63839E+01 -2.67000E-01 -1.21359E-02
  3.52000E+00 -1.53374E+02 -4.52095E+01  9.64471E+01  2.64189E+01 -2.67363E-01 -1.20605E-02
  3.53000E+00 -1.52409E+02 -4.49452E+01  9.64375E+01  2.64538E+01 -2.67724E-01 -1.19851E-02
  3.54000E+00 -1.51445E+02 -4.46806E+01  9.64280E+01  2.64884E+01 -2.68083E-01 -1.19097E-02
  3.55000E+00 -1.50481E+02 -4.44156E+01  9.64186E+01  2.65228E+01 -2.68440E-01 -1.18343E-02
  3.56000E+00 -1.49517E+02 -4.41503E+01  9.64092E+01  2.65569E+01 -2.68794E-01 -1.17589E-02
  3.57000E+00 -1.48553E+02 -4.38847E+01  9.63998E+01  2.65909E+01 -2.69147E-01 -1.16835E-02
  3.58000E+00 -1.47589E+02 -4.36187E+01  9.63905E+01  2.66246E+01 -2.69497E-01 -1.16081E-02
  3.59000E+00 -1.46625E+02 -4.33524E+01  9.63812E+01  2.66581E+01 -2.69844E-01 -1.15326E-02
  3.60000E+00 -1.45661E+02 -4.30857E+01  9.63720E+01  2.66914E+01 -2.70190E-01 -1.14572E-02
  3.61000E+00 -1.44697E+02 -4.28187E+01  9.63629E+01  2.67245E+01 -2.70533E-01 -1.13818E-02
  3.62000E+00 -1.43734E+02 -4.25514E+01  9.63538E+01  2.67573E+01 -2.70874E-01 -1.13064E-02
  3.63000E+00 -1.42770E+02 -4.22837E+01  9.63447E+01  2.67900E+01 -2.71212E-01 -1.12310E-02
  3.64000E+00 -1.41807E+02 -4.20158E+01  9.63357E+01  2.68224E+01 -2.71549E-01 -1.11556E-02
  3.65000E+00 -1.40843E+02 -4.17475E+01  9.63267E+01  2.68546E+01 -2.71883E-01 -1.10801E-02
  3.66000E+00 -1.39880E+02 -4.14788E+01  9.63178E+01  2.68865E+01 -2.72215E-01 -1.10047E-02
  3.67000E+00 -1.38917E+02 -4.12099E+01  9.63089E+01  2.69183E+01 -2.72544E-01 -1.09292E-02
  3.68000E+00 -1.37954E+02 -4.09406E+01  9.63001E+01  2.69498E+01 -2.72872E-01 -1.08538E-02
  3.69000E+00 -1.36991E+02 -4.06711E+01  9.62913E+01  2.69811E+01 -2.73197E-01 -1.07784E-02
  3.70000E+00 -1.36028E+02 -4.04012E+01  9.62826E+01  2.70122E+01 -2.73519E-01 -1.07030E-02
  3.71000E+00 -1.35065E+02 -4.01310E+01  9.62740E+01  2.70430E+01 -2.73840E-01 -1.06276E-02
  3.72000E+00 -1.34103E+02 -3.98605E+01  9.62653E+01  2.70737E+01 -2.74158E-01 -1.05521E-02
  3.73000E+00 -1.33140E+02 -3.95897E+01  9.62568E+01  2.71041E+01 -2.74474E-01 -1.04767E-02
  3.74000E+00 -1.32178E+02 -3.93186E+01  9.62483E+01  2.71343E+01 -2.74788E-01 -1.04013E-02
  3.75000E+00 -1.31215E+02 -3.90471E+01  9.62398E+01  2.71643E+01 -2.75099E-01 -1.03259E-02
  3.76000E+00 -1.30253E+02 -3.87754E+01  9.62314E+01  2.71940E+01 -2.75409E-01 -1.02505E-02
  3.77000E+00 -1.29290E+02 -3.85034E+01  9.62231E+01  2.72236E+01 -2.75716E-01 -1.01751E-02
  3.78000E+00 -1.28328E+02 -3.82311E+01  9.62148E+01  2.72529E+01 -2.76020E-01 -1.00997E-02
  3.79000E+00 -1.27366E+02 -3.79585E+01  9.62065E+01  2.72820E+01 -2.76323E-01 -1.00242E-02
  3.80000E+00 -1.26404E+02 -3.76856E+01  9.61983E+01  2.73108E+01 -2.76623E-01 -9.94889E-03
  3.81000E+00 -1.25442E+02 -3.74124E+01  9.61902E+01  2.73395E+01 -2.76921E-01 -9.87347E-03
  3.82000E+00 -1.24480E+02 -3.71390E+01  9.61821E+01  2.73679E+01 -2.77216E-01 -9.79806E-03
  3.83000E+00 -1.23518E+02 -3.68652E+01  9.61741E+01  2.73961E+01 -2.77510E-01 -9.72264E-03
  3.84000E+00 -1.22557E+02 -3.65912E+01  9.61661E+01  2.74241E+01 -2.77801E-01 -9.64725E-03
  3.85000E+00 -1.21595E+02 -3.63169E+01  9.61582E+01  2.74519E+01 -2.78090E-01 -9.57181E-03
  3.86000E+00 -1.20634E+02 -3.60423E+01  9.61503E+01  2.74795E+01 -2.78376E-01 -9.49633E-03
  3.87000E+00 -1.19672E+02 -3.57675E+01  9.61425E+01  2.75068E+01 -2.78661E-01 -9.42091E-03
  3.88000E+00 -1.18711E+02 -3.54923E+01  9.61347E+01  2.75339E+01 -2.78943E-01 -9.34546E-03
  3.89000E+00 -1.17749E+02 -3.52169E+01  9.61270E+01  2.75608E+01 -2.79222E-01 -9.27006E-03
  3.90000E+00 -1.16788E+02 -3.49412E+01  9.61193E+01  2.75875E+01 -2.79500E-01 -9.19461E-03
  3.91000E+00 -1.15827E+02 -3.46653E+01  9.61117E+01  2.76140E+01 -2.79775E-01 -9.11919E-03
  3.92000E+00 -1.14866E+02 -3.43891E+01  9.61042E+01  2.76402E+01 -2.80048E-01 -9.04376E-03
  3.93000E+00 -1.13905E+02 -3.41126E+01  9.60967E+01  2.76662E+01 -2.80319E-01 -8.96834E-03
  3.94000E+00 -1.12944E+02 -3.38359E+01  9.60893E+01  2.76920E+01 -2.80588E-01 -8.89287E-03
  3.95000E+00 -1.11983E+02 -3.35589E+01  9.60819E+01  2.77176E+01 -2.80854E-01 -8.81747E-03
  3.96000E+00 -1.11022E+02 -3.32817E+01  9.60746E+01  2.77430E+01 -2.81118E-01 -8.74205E-03
  3.97000E+00 -1.10062E+02 -3.30042E+01  9.60673E+01  2.77681E+01 -2.81379E-01 -8.66665E-03
  3.98000E+00 -1.09101E+02 -3.27265E+01  9.60601E+01  2.77930E+01 -2.81639E-01 -8.59119E-03
  3.99000E+00 -1.08140E+02 -3.24485E+01  9.60530E+01  2.78177E+01 -2.81896E-01 -8.51576E-03
  4.00000E+00 -1.07180E+02 -3.21702E+01  9.60459E+01  2.78422E+01 -2.82151E-01 -8.44037E-03
  4.01000E+00 -1.06219E+02 -3.18918E+01  9.60388E+01  2.78665E+01 -2.82404E-01 -8.36500E-03
  4.02000E+00 -1.05259E+02 -3.16131E+01  9.60319E+01  2.78905E+01 -2.82654E-01 -8.28960E-03
  4.03000E+00 -1.04299E+02 -3.13341E+01  9.60249E+01  2.79143E+01 -2.82902E-01 -8.21421E-03
  4.04000E+00 -1.03339E+02 -3.10549E+01  9.60181E+01  2.79380E+01 -2.83148E-01 -8.13880E-03
  4.05000E+00 -1.02378E+02 -3.07755E+01  9.60113E+01  2.79613E+01 -2.83391E-01 -8.06339E-03
  4.06000E+00 -1.01418E+02 -3.04958E+01  9.60045E+01  2.79845E+01 -2.83633E-01 -7.98800E-03
  4.07000E+00 -1.00458E+02 -3.02159E+01  9.59978E+01  2.80075E+01 -2.83872E-01 -7.91259E-03
  4.08000E+00 -9.94984E+01 -2.99358E+01  9.59912E+01  2.80302E+01 -2.84109E-01 -7.83716E-03
  4.09000E+00 -9.85386E+01 -2.96554E+01  9.59846E+01  2.80527E+01 -2.84343E-01 -7.76175E-03
  4.10000E+00 -9.75787E+01 -2.93748E+01  9.59781E+01  2.80750E+01 -2.84575E-01 -7.68628E-03
  4.11000E+00 -9.66190E+01 -2.90940E+01  9.59716E+01  2.80971E+01 -2.84806E-01 -7.61082E-03
  4.12000E+00 -9.56593E+01 -2.88130E+01  9.59652E+01  2.81189E+01 -2.85033E-01 -7.53542E-03
  4.13000E+00 -9.46997E+01 -2.85318E+01  9.59589E+01  2.81406E+01 -2.85259E-01 -7.45997E-03
  4.14000E+00 -9.37401E+01 -2.82503E+01  9.59526E+01  2.81620E+01 -2.85482E-01 -7.38454E-03
  4.15000E+00 -9.27806E+01 -2.79686E+01  9.59464E+01  2.81832E+01 -2.85703E-01 -7.30910E-03
  4.16000E+00 -9.18212E+01 -2.76868E+01  9.59402E+01  2.82042E+01 -2.85922E-01 -7.23363E-03
  4.17000E+00 -9.08618E+01 -2.74047E+01  9.59341E+01  2.82250E+01 -2.86138E-01 -7.15815E-03
  4.18000E+00 -8.99025E+01 -2.71224E+01  9.59281E+01  2.82455E+01 -2.86352E-01 -7.08272E-03
  4.19000E+00 -8.89433E+01 -2.68399E+01  9.59221E+01  2.82658E+01 -2.86564E-01 -7.00724E-03
  4.20000E+00 -8.79841E+01 -2.65572E+01  9.59161E+01  2.82859E+01 -2.86774E-01 -6.93179E-03
  4.21000E+00 -8.70250E+01 -2.62743E+01  9.59103E+01  2.83058E+01 -2.86981E-01 -6.85641E-03
  4.22000E+00 -8.60659E+01 -2.59912E+01  9.59045E+01  2.83255E+01 -2.87186E-01 -6.78098E-03
  4.23000E+00 -8.51069E+01 -2.57079E+01  9.58987E+01  2.83450E+01 -2.87389E-01 -6.70553E-03
  4.24000E+00 -8.41479E+01 -2.54244E+01  9.58930E+01  2.83642E+01 -2.87590E-01 -6.63011E-03
  4.25000E+00 -8.31890E+01 -2.51407E+01  9.58874E+01  2.83832E+01 -2.87788E-01 -6.55467E-03
  4.26000E+00 -8.22302E+01 -2.48568E+01  9.58818E+01  2.84020E+01 -2.87984E-01 -6.47925E-03
  4.27000E+00 -8.12714E+01 -2.45728E+01  9.58763E+01  2.84206E+01 -2.88178E-01 -6.40383E-03
  4.28000E+00 -8.03127E+01 -2.42885E+01  9.58709E+01  2.84390E+01 -2.88370E-01 -6.32839E-03
  4.29000E+00 -7.93540E+01 -2.40041E+01  9.58655E+01  2.84571E+01 -2.88559E-01 -6.25301E-03
  4.30000E+00 -7.83954E+01 -2.37195E+01  9.58602E+01  2.84750E+01 -2.88746E-01 -6.17753E-03
  4.31000E+00 -7.74368E+01 -2.34347E+01  9.58549E+01  2.84927E+01 -2.88931E-01 -6.10210E-03
  4.32000E+00 -7.64783E+01 -2.31497E+01  9.58497E+01  2.85102E+01 -2.89113E-01 -6.02670E-03
  4.33000E+00 -7.55198E+01 -2.28646E+01  9.58446E+01  2.85275E+01 -2.89293E-01 -5.95126E-03
  4.34000E+00 -7.45614E+01 -2.25793E+01  9.58395E+01  2.85446E+01 -2.89471E-01 -5.87589E-03
  4.35000E+00 -7.36030E+01 -2.22938E+01  9.58345E+01  2.85614E+01 -2.89647E-01 -5.80051E-03
  4.36000E+00 -7.26447E+01 -2.20081E+01  9.58295E+01  2.85780E+01 -2.89820E-01 -5.72507E-03
  4.37000E+00 -7.16865E+01 -2.17223E+01  9.58246E+01  2.85944E+01 -2.89992E-01 -5.64967E-03
  4.38000E+00 -7.07282E+01 -2.14363E+01  9.58198E+01  2.86106E+01 -2.90161E-01 -5.57418E-03
  4.39000E+00 -6.97701E+01 -2.11502E+01  9.58150E+01  2.86266E+01 -2.90327E-01 -5.49875E-03
  4.40000E+00 -6.88119E+01 -2.08639E+01  9.58103E+01  2.86423E+01 -2.90492E-01 -5.42325E-03
  4.41000E+00 -6.78539E+01 -2.05774E+01  9.58057E+01  2.86579E+01 -2.90654E-01 -5.34785E-03
  4.42000E+00 -6.68958E+01 -2.02908E+01  9.58011E+01  2.86732E+01 -2.90814E-01 -5.27238E-03
  4.43000E+00 -6.59379E+01 -2.00040E+01  9.57966E+01  2.86883E+01 -2.90971E-01 -5.19697E-03
  4.44000E+00 -6.49799E+01 -1.97171E+01  9.57921E+01  2.87032E+01 -2.91127E-01 -5.12149E-03
  4.45000E+00 -6.40220E+01 -1.94301E+01  9.57877E+01  2.87178E+01 -2.91280E-01 -5.04608E-03
  4.46000E+00 -6.30642E+01 -1.91429E+01  9.57834E+01  2.87323E+01 -2.91431E-01 -4.97065E-03
  4.47000E+00 -6.21064E+01 -1.88555E+01  9.57791E+01  2.87465E+01 -2.91579E-01 -4.89515E-03
  4.48000E+00 -6.11486E+01 -1.85680E+01  9.57749E+01  2.87605E+01 -2.91725E-01 -4.81978E-03
  4.49000E+00 -6.01909E+01 -1.82804E+01  9.57708E+01  2.87743E+01 -2.91869E-01 -4.74431E-03
  4.50000E+00 -5.92332E+01 -1.79926E+01  9.57667E+01  2.87879E+01 -2.92011E-01 -4.66885E-03
  4.51000E+00 -5.82756E+01 -1.77047E+01  9.57627E+01  2.88012E+01 -2.92151E-01 -4.59342E-03
  4.52000E+00 -5.73180E+01 -1.74167E+01  9.57587E+01  2.88144E+01 -2.92288E-01 -4.51798E-03
  4.53000E+00 -5.63604E+01 -1.71285E+01  9.57548E+01  2.88273E+01 -2.92423E-01 -4.44259E-03
  4.54000E+00 -5.54029E+01 -1.68402E+01  9.57510E+01  2.88400E+01 -2.92556E-01 -4.36713E-03
  4.55000E+00 -5.44454E+01 -1.65518E+01  9.57472E+01  2.88525E+01 -2.92686E-01 -4.29179E-03
  4.56000E+00 -5.34880E+01 -1.62632E+01  9.57435E+01  2.88648E+01 -2.92814E-01 -4.21642E-03
  4.57000E+00 -5.25306E+01 -1.59745E+01  9.57399E+01  2.88768E+01 -2.92940E-01 -4.14100E-03
  4.58000E+00 -5.15732E+01 -1.56857E+01  9.57363E+01  2.88887E+01 -2.93064E-01 -4.06564E-03
  4.59000E+00 -5.06159E+01 -1.53968E+01  9.57328E+01  2.89003E+01 -2.93185E-01 -3.99021E-03
  4.60000E+00 -4.96585E+01 -1.51078E+01  9.57294E+01  2.89117E+01 -2.93304E-01 -3.91491E-03
  4.61000E+00 -4.87013E+01 -1.48187E+01  9.57260E+01  2.89229E+01 -2.93421E-01 -3.83955E-03
  4.62000E+00 -4.77440E+01 -1.45294E+01  9.57227E+01  2.89339E+01 -2.93536E-01 -3.76411E-03
  4.63000E+00 -4.67868E+01 -1.42400E+01  9.57194E+01  2.89446E+01 -2.93648E-01 -3.68862E-03
  4.64000E+00 -4.58297E+01 -1.39506E+01  9.57162E+01  2.89552E+01 -2.93758E-01 -3.61321E-03
  4.65000E+00 -4.48725E+01 -1.36610E+01  9.57131E+01  2.89655E+01 -2.93866E-01 -3.53772E-03
  4.66000E+00 -4.39154E+01 -1.33713E+01  9.57101E+01  2.89756E+01 -2.93972E-01 -3.46228E-03
  4.67000E+00 -4.29583E+01 -1.30816E+01  9.57071E+01  2.89855E+01 -2.94075E-01 -3.38678E-03
  4.68000E+00 -4.20013E+01 -1.27917E+01  9.57041E+01  2.89951E+01 -2.94176E-01 -3.31135E-03
  4.69000E+00 -4.10443E+01 -1.25017E+01  9.57013E+01  2.90046E+01 -2.94275E-01 -3.23582E-03
  4.70000E+00 -4.00873E+01 -1.22117E+01  9.56985E+01  2.90138E+01 -2.94371E-01 -3.16041E-03
  4.71000E+00 -3.91303E+01 -1.19215E+01  9.56957E+01  2.90229E+01 -2.94466E-01 -3.08491E-03
  4.72000E+00 -3.81734E+01 -1.16313E+01  9.56931E+01  2.90317E+01 -2.94558E-01 -3.00941E-03
  4.73000E+00 -3.72165E+01 -1.13409E+01  9.56905E+01  2.90402E+01 -2.94647E-01 -2.93401E-03
  4.74000E+00 -3.62596E+01 -1.10505E+01  9.56879E+01  2.90486E+01 -2.94735E-01 -2.85850E-03
  4.75000E+00 -3.53028E+01 -1.07600E+01  9.56854E+01  2.90568E+01 -2.94820E-01 -2.78311E-03
  4.76000E+00 -3.43459E+01 -1.04694E+01  9.56830E+01  2.90647E+01 -2.94903E-01 -2.70756E-03
  4.77000E+00 -3.33891E+01 -1.01788E+01  9.56807E+01  2.90724E+01 -2.94984E-01 -2.63223E-03
  4.78000E+00 -3.24324E+01 -9.88802E+00  9.56784E+01  2.90799E+01 -2.95062E-01 -2.55687E-03
  4.79000E+00 -3.14756E+01 -9.59720E+00  9.56762E+01  2.90872E+01 -2.95138E-01 -2.48133E-03
  4.80000E+00 -3.05189E+01 -9.30632E+00  9.56740E+01  2.90943E+01 -2.95212E-01 -2.40595E-03
  4.81000E+00 -2.95621E+01 -9.01536E+00  9.56720E+01  2.91011E+01 -2.95284E-01 -2.33068E-03
  4.82000E+00 -2.86054E+01 -8.72434E+00  9.56699E+01  2.91078E+01 -2.95353E-01 -2.25508E-03
  4.83000E+00 -2.76487E+01 -8.43325E+00  9.56680E+01  2.91142E+01 -2.95420E-01 -2.17969E-03
  4.84000E+00 -2.66921E+01 -8.14210E+00  9.56661E+01  2.91204E+01 -2.95485E-01 -2.10436E-03
  4.85000E+00 -2.57354E+01 -7.85088E+00  9.56643E+01  2.91264E+01 -2.95548E-01 -2.02905E-03
  4.86000E+00 -2.47788E+01 -7.55961E+00  9.56625E+01  2.91321E+01 -2.95608E-01 -1.95363E-03
  4.87000E+00 -2.38222E+01 -7.26828E+00  9.56608E+01  2.91377E+01 -2.95666E-01 -1.87830E-03
  4.88000E+00 -2.28656E+01 -6.97689E+00  9.56592E+01  2.91430E+01 -2.95722E-01 -1.80303E-03
  4.89000E+00 -2.19091E+01 -6.68546E+00  9.56576E+01  2.91481E+01 -2.95775E-01 -1.72752E-03
  4.90000E+00 -2.09525E+01 -6.39396E+00  9.56562E+01  2.91530E+01 -2.95826E-01 -1.65240E-03
  4.91000E+00 -1.99960E+01 -6.10243E+00  9.56547E+01  2.91577E+01 -2.95875E-01 -1.57699E-03
  4.92000E+00 -1.90394E+01 -5.81084E+00  9.56534E+01  2.91622E+01 -2.95922E-01 -1.50144E-03
  4.93000E+00 -1.80829E+01 -5.51922E+00  9.56521E+01  2.91665E+01 -2.95967E-01 -1.42593E-03
  4.94000E+00 -1.71264E+01 -5.22754E+00  9.56508E+01  2.91705E+01 -2.96009E-01 -1.35056E-03
  4.95000E+00 -1.61699E+01 -4.93584E+00  9.56497E+01  2.91743E+01 -2.96049E-01 -1.27514E-03
  4.96000E+00 -1.52134E+01 -4.64409E+00  9.56486E+01  2.91779E+01 -2.96087E-01 -1.19976E-03
  4.97000E+00 -1.42570E+01 -4.35231E+00  9.56475E+01  2.91813E+01 -2.96122E-01 -1.12413E-03
  4.98000E+00 -1.33005E+01 -4.06049E+00  9.56466E+01  2.91845E+01 -2.96155E-01 -1.04891E-03
  4.99000E+00 -1.23441E+01 -3.76865E+00  9.56457E+01  2.91875E+01 -2.96186E-01 -9.73533E-04
  5.00000E+00 -1.13876E+01 -3.47677E+00  9.56448E+01  2.91902E+01 -2.96215E-01 -8.98309E-04
  5.01000E+00 -1.04312E+01 -3.18487E+00  9.56441E+01  2.91927E+01 -2.96241E-01 -8.23011E-04
  5.02000E+00 -9.47479E+00 -2.89294E+00  9.56434E+01  2.91950E+01 -2.96265E-01 -7.47852E-04
  5.03000E+00 -8.51839E+00 -2.60099E+00  9.56427E+01  2.91971E+01 -2.96287E-01 -6.72649E-04
  5.04000E+00 -7.56197E+00 -2.30901E+00  9.56421E+01  2.91990E+01 -2.96307E-01 -5.97026E-04
  5.05000E+00 -6.60558E+00 -2.01703E+00  9.56416E+01  2.92006E+01 -2.96324E-01 -5.22359E-04
  5.06000E+00 -5.64917E+00 -1.72502E+00  9.56412E+01  2.92021E+01 -2.96339E-01 -4.46977E-04
  5.07000E+00 -4.69279E+00 -1.43301E+00  9.56408E+01  2.92033E+01 -2.96352E-01 -3.72664E-04
  5.08000E+00 -3.73638E+00 -1.14097E+00  9.56405E+01  2.92043E+01 -2.96363E-01 -2.97430E-04
  5.09000E+00 -2.78001E+00 -8.48936E-01  9.56403E+01  2.92051E+01 -2.96371E-01 -2.22132E-04
  5.10000E+00 -1.82361E+00 -5.56883E-01  9.56401E+01  2.92057E+01 -2.96377E-01 -1.51091E-04
  5.11000E+00 -8.67244E-01 -2.64836E-01  9.56400E+01  2.92061E+01 -2.96381E-01 -8.35082E-05
  5.12000E+00  8.91559E-02  2.72260E-02  9.56399E+01  2.92064E+01 -2.96384E-01 -3.62154E-03
