  0.00000E+00  1.00000E+01  0.00000E+00
  1.00000E-02  9.99975E+00 -9.88000E-02
  2.00000E-02  9.99852E+00 -1.97600E-01
  3.00000E-02  9.99629E+00 -2.96400E-01
  4.00000E-02  9.99308E+00 -3.95200E-01
  5.00000E-02  9.98888E+00 -4.94000E-01
  6.00000E-02  9.98370E+00 -5.92800E-01
  7.00000E-02  9.97752E+00 -6.91600E-01
  8.00000E-02  9.97036E+00 -7.90400E-01
  9.00000E-02  9.96221E+00 -8.89200E-01
  1.00000E-01  9.95307E+00 -9.88000E-01
  1.10000E-01  9.94294E+00 -1.08680E+00
  1.20000E-01  9.93183E+00 -1.18560E+00
  1.30000E-01  9.91972E+00 -1.28440E+00
  1.40000E-01  9.90663E+00 -1.38320E+00
  1.50000E-01  9.89255E+00 -1.48200E+00
  1.60000E-01  9.87749E+00 -1.58080E+00
  1.70000E-01  9.86143E+00 -1.67960E+00
  1.80000E-01  9.84439E+00 -1.77840E+00
  1.90000E-01  9.82636E+00 -1.87720E+00
  2.00000E-01  9.80734E+00 -1.97600E+00
  2.10000E-01  9.78733E+00 -2.07480E+00
  2.20000E-01  9.76634E+00 -2.17360E+00
  2.30000E-01  9.74435E+00 -2.27240E+00
  2.40000E-01  9.72138E+00 -2.37120E+00
  2.50000E-01  9.69742E+00 -2.47000E+00
  2.60000E-01  9.67248E+00 -2.56880E+00
  2.70000E-01  9.64654E+00 -2.66760E+00
  2.80000E-01  9.61962E+00 -2.76640E+00
  2.90000E-01  9.59171E+00 -2.86520E+00
  3.00000E-01  9.56281E+00 -2.96400E+00
  3.10000E-01  9.53292E+00 -3.06280E+00
  3.20000E-01  9.50204E+00 -3.16160E+00
  3.30000E-01  9.47018E+00 -3.26040E+00
  3.40000E-01  9.43733E+00 -3.35920E+00
  3.50000E-01  9.40349E+00 -3.45800E+00
  3.60000E-01  9.36866E+00 -3.55680E+00
  3.70000E-01  9.33285E+00 -3.65560E+00
  3.80000E-01  9.29605E+00 -3.75440E+00
  3.90000E-01  9.25825E+00 -3.85320E+00
  4.00000E-01  9.21947E+00 -3.95200E+00
  4.10000E-01  9.17971E+00 -4.05080E+00
  4.20000E-01  9.13895E+00 -4.14960E+00
  4.30000E-01  9.09721E+00 -4.24840E+00
  4.40000E-01  9.05448E+00 -4.34720E+00
  4.50000E-01  9.01076E+00 -4.44600E+00
  4.60000E-01  8.96605E+00 -4.54480E+00
  4.70000E-01  8.92036E+00 -4.64360E+00
  4.80000E-01  8.87367E+00 -4.74240E+00
  4.90000E-01  8.82600E+00 -4.84120E+00
  5.00000E-01  8.77734E+00 -4.94000E+00
  5.10000E-01  8.72769E+00 -5.03880E+00
  5.20000E-01  8.67706E+00 -5.13760E+00
  5.30000E-01  8.62544E+00 -5.23640E+00
  5.40000E-01  8.57282E+00 -5.33520E+00
  5.50000E-01  8.51923E+00 -5.43400E+00
  5.60000E-01  8.46464E+00 -5.53280E+00
  5.70000E-01  8.40906E+00 -5.63160E+00
  5.80000E-01  8.35250E+00 -5.73040E+00
  5.90000E-01  8.29495E+00 -5.82920E+00
  6.00000E-01  8.23641E+00 -5.92800E+00
  6.10000E-01  8.17688E+00 -6.02680E+00
  6.20000E-01  8.11637E+00 -6.12560E+00
  6.30000E-01  8.05486E+00 -6.22440E+00
  6.40000E-01  7.99237E+00 -6.32320E+00
  6.49999E-01  7.92889E+00 -6.42200E+00
  6.59999E-01  7.86442E+00 -6.52080E+00
  6.69999E-01  7.79897E+00 -6.61960E+00
  6.79999E-01  7.73253E+00 -6.71839E+00
  6.89999E-01  7.66510E+00 -6.81719E+00
  6.99999E-01  7.59668E+00 -6.91599E+00
  7.09999E-01  7.52727E+00 -7.01479E+00
  7.19999E-01  7.45688E+00 -7.11359E+00
  7.29999E-01  7.38549E+00 -7.21239E+00
  7.39999E-01  7.31312E+00 -7.31119E+00
  7.49999E-01  7.23977E+00 -7.40999E+00
  7.59999E-01  7.16542E+00 -7.50879E+00
  7.69999E-01  7.09008E+00 -7.60759E+00
  7.79999E-01  7.01376E+00 -7.70639E+00
  7.89999E-01  6.93645E+00 -7.80519E+00
  7.99999E-01  6.85815E+00 -7.90399E+00
  8.09999E-01  6.77887E+00 -8.00279E+00
  8.19999E-01  6.69859E+00 -8.10159E+00
  8.29999E-01  6.61733E+00 -8.20039E+00
  8.39999E-01  6.53508E+00 -8.29919E+00
  8.49999E-01  6.45184E+00 -8.39799E+00
  8.59999E-01  6.36761E+00 -8.49679E+00
  8.69999E-01  6.28240E+00 -8.59560E+00
  8.79999E-01  6.19620E+00 -8.69440E+00
  8.89999E-01  6.10900E+00 -8.79320E+00
  8.99999E-01  6.02083E+00 -8.89200E+00
  9.09999E-01  5.93166E+00 -8.99080E+00
  9.19999E-01  5.84151E+00 -9.08960E+00
  9.29999E-01  5.75036E+00 -9.18840E+00
  9.39999E-01  5.65823E+00 -9.28720E+00
  9.49999E-01  5.56511E+00 -9.38600E+00
  9.59999E-01  5.47101E+00 -9.48480E+00
  9.69999E-01  5.37591E+00 -9.58360E+00
  9.79999E-01  5.27983E+00 -9.68240E+00
  9.89999E-01  5.18276E+00 -9.78120E+00
  9.99999E-01  5.08470E+00 -9.88000E+00
  1.01000E+00  4.98565E+00 -9.97880E+00
  1.02000E+00  4.88562E+00 -1.00776E+01
  1.03000E+00  4.78460E+00 -1.01764E+01
  1.04000E+00  4.68258E+00 -1.02752E+01
  1.05000E+00  4.57959E+00 -1.03740E+01
  1.06000E+00  4.47560E+00 -1.04728E+01
  1.07000E+00  4.37062E+00 -1.05716E+01
  1.08000E+00  4.26466E+00 -1.06704E+01
  1.09000E+00  4.15771E+00 -1.07692E+01
  1.10000E+00  4.04977E+00 -1.08680E+01
  1.11000E+00  3.94085E+00 -1.09668E+01
  1.12000E+00  3.83093E+00 -1.10656E+01
  1.13000E+00  3.72003E+00 -1.11644E+01
  1.14000E+00  3.60814E+00 -1.12632E+01
  1.15000E+00  3.49526E+00 -1.13620E+01
  1.16000E+00  3.38139E+00 -1.14608E+01
  1.17000E+00  3.26653E+00 -1.15596E+01
  1.18000E+00  3.15069E+00 -1.16584E+01
  1.19000E+00  3.03386E+00 -1.17572E+01
  1.20000E+00  2.91604E+00 -1.18560E+01
  1.21000E+00  2.79723E+00 -1.19548E+01
  1.22000E+00  2.67744E+00 -1.20536E+01
  1.23000E+00  2.55665E+00 -1.21524E+01
  1.24000E+00  2.43488E+00 -1.22512E+01
  1.25000E+00  2.31212E+00 -1.23500E+01
  1.26000E+00  2.18838E+00 -1.24488E+01
  1.27000E+00  2.06364E+00 -1.25476E+01
  1.28000E+00  1.93792E+00 -1.26464E+01
  1.29000E+00  1.81121E+00 -1.27452E+01
  1.30000E+00  1.68351E+00 -1.28440E+01
  1.31000E+00  1.55482E+00 -1.29428E+01
  1.32000E+00  1.42514E+00 -1.30416E+01
  1.33000E+00  1.29448E+00 -1.31404E+01
  1.34000E+00  1.16283E+00 -1.32392E+01
  1.35000E+00  1.03019E+00 -1.33380E+01
  1.36000E+00  8.96564E-01 -1.34368E+01
  1.37000E+00  7.61948E-01 -1.35356E+01
  1.38000E+00  6.26345E-01 -1.36344E+01
  1.39000E+00  4.89754E-01 -1.37332E+01
  1.40000E+00  3.52174E-01 -1.38320E+01
  1.41000E+00  2.13607E-01 -1.39308E+01
  1.42000E+00  7.40517E-02 -1.40296E+01
  1.43000E+00  6.02196E-02  1.12138E+01
  1.44000E+00  1.72111E-01  1.11150E+01
  1.45000E+00  2.83014E-01  1.10162E+01
  1.46000E+00  3.92929E-01  1.09174E+01
  1.47000E+00  5.01857E-01  1.08186E+01
  1.48000E+00  6.09796E-01  1.07198E+01
  1.49000E+00  7.16747E-01  1.06210E+01
  1.50000E+00  8.22710E-01  1.05222E+01
  1.51000E+00  9.27686E-01  1.04234E+01
  1.52000E+00  1.03167E+00  1.03246E+01
  1.53000E+00  1.13467E+00  1.02258E+01
  1.54000E+00  1.23668E+00  1.01270E+01
  1.55000E+00  1.33771E+00  1.00282E+01
  1.56000E+00  1.43774E+00  9.92942E+00
  1.57000E+00  1.53679E+00  9.83062E+00
  1.58000E+00  1.63485E+00  9.73182E+00
  1.59000E+00  1.73192E+00  9.63301E+00
  1.60000E+00  1.82800E+00  9.53421E+00
  1.61000E+00  1.92310E+00  9.43541E+00
  1.62000E+00  2.01720E+00  9.33661E+00
  1.63000E+00  2.11032E+00  9.23781E+00
  1.64000E+00  2.20245E+00  9.13901E+00
  1.65000E+00  2.29360E+00  9.04021E+00
  1.66000E+00  2.38375E+00  8.94141E+00
  1.67000E+00  2.47292E+00  8.84261E+00
  1.68000E+00  2.56110E+00  8.74381E+00
  1.69000E+00  2.64829E+00  8.64501E+00
  1.70000E+00  2.73449E+00  8.54621E+00
  1.71000E+00  2.81971E+00  8.44741E+00
  1.72000E+00  2.90394E+00  8.34861E+00
  1.73000E+00  2.98717E+00  8.24981E+00
  1.74000E+00  3.06943E+00  8.15100E+00
  1.75000E+00  3.15069E+00  8.05220E+00
  1.76000E+00  3.23096E+00  7.95340E+00
  1.77000E+00  3.31025E+00  7.85460E+00
  1.78000E+00  3.38855E+00  7.75580E+00
  1.79000E+00  3.46586E+00  7.65700E+00
  1.80000E+00  3.54218E+00  7.55821E+00
  1.81000E+00  3.61752E+00  7.45941E+00
  1.82000E+00  3.69187E+00  7.36061E+00
  1.83000E+00  3.76523E+00  7.26181E+00
  1.84000E+00  3.83760E+00  7.16301E+00
  1.85000E+00  3.90898E+00  7.06421E+00
  1.86000E+00  3.97937E+00  6.96541E+00
  1.87000E+00  4.04878E+00  6.86661E+00
  1.88000E+00  4.11720E+00  6.76781E+00
  1.89000E+00  4.18463E+00  6.66901E+00
  1.90000E+00  4.25108E+00  6.57021E+00
  1.91000E+00  4.31653E+00  6.47141E+00
  1.92000E+00  4.38100E+00  6.37261E+00
  1.93000E+00  4.44448E+00  6.27381E+00
  1.94000E+00  4.50697E+00  6.17501E+00
  1.95000E+00  4.56847E+00  6.07621E+00
  1.96000E+00  4.62899E+00  5.97741E+00
  1.97000E+00  4.68852E+00  5.87861E+00
  1.98000E+00  4.74706E+00  5.77981E+00
  1.99000E+00  4.80461E+00  5.68101E+00
  2.00000E+00  4.86117E+00  5.58221E+00
  2.01000E+00  4.91675E+00  5.48341E+00
  2.02000E+00  4.97133E+00  5.38461E+00
  2.03000E+00  5.02493E+00  5.28581E+00
  2.04000E+00  5.07754E+00  5.18701E+00
  2.05000E+00  5.12917E+00  5.08821E+00
  2.06000E+00  5.17980E+00  4.98941E+00
  2.07000E+00  5.22945E+00  4.89061E+00
  2.08000E+00  5.27811E+00  4.79181E+00
  2.09000E+00  5.32578E+00  4.69301E+00
  2.10000E+00  5.37246E+00  4.59422E+00
  2.11000E+00  5.41816E+00  4.49542E+00
  2.12000E+00  5.46286E+00  4.39662E+00
  2.13000E+00  5.50658E+00  4.29782E+00
  2.14000E+00  5.54931E+00  4.19902E+00
  2.15000E+00  5.59106E+00  4.10022E+00
  2.16000E+00  5.63181E+00  4.00142E+00
  2.17000E+00  5.67158E+00  3.90262E+00
  2.18000E+00  5.71036E+00  3.80382E+00
  2.19000E+00  5.74815E+00  3.70503E+00
  2.20000E+00  5.78495E+00  3.60623E+00
  2.21000E+00  5.82077E+00  3.50743E+00
  2.22000E+00  5.85559E+00  3.40863E+00
  2.23000E+00  5.88943E+00  3.30983E+00
  2.24000E+00  5.92228E+00  3.21103E+00
  2.25000E+00  5.95414E+00  3.11223E+00
  2.26000E+00  5.98502E+00  3.01343E+00
  2.27000E+00  6.01491E+00  2.91464E+00
  2.28000E+00  6.04380E+00  2.81584E+00
  2.29000E+00  6.07172E+00  2.71704E+00
  2.30000E+00  6.09864E+00  2.61824E+00
  2.31000E+00  6.12457E+00  2.51944E+00
  2.32000E+00  6.14952E+00  2.42064E+00
  2.33000E+00  6.17348E+00  2.32184E+00
  2.34000E+00  6.19645E+00  2.22304E+00
  2.35000E+00  6.21843E+00  2.12425E+00
  2.36000E+00  6.23943E+00  2.02545E+00
  2.37000E+00  6.25944E+00  1.92665E+00
  2.38000E+00  6.27846E+00  1.82785E+00
  2.39000E+00  6.29649E+00  1.72905E+00
  2.40000E+00  6.31353E+00  1.63025E+00
  2.41000E+00  6.32959E+00  1.53145E+00
  2.42000E+00  6.34465E+00  1.43265E+00
  2.43000E+00  6.35873E+00  1.33386E+00
  2.44000E+00  6.37182E+00  1.23506E+00
  2.45000E+00  6.38393E+00  1.13626E+00
  2.46000E+00  6.39504E+00  1.03746E+00
  2.47000E+00  6.40517E+00  9.38659E-01
  2.48000E+00  6.41431E+00  8.39861E-01
  2.49000E+00  6.42246E+00  7.41062E-01
  2.50000E+00  6.42962E+00  6.42263E-01
  2.51000E+00  6.43580E+00  5.43464E-01
  2.52000E+00  6.44099E+00  4.44666E-01
  2.53000E+00  6.44519E+00  3.45867E-01
  2.54000E+00  6.44840E+00  2.47068E-01
  2.55000E+00  6.45062E+00  1.48269E-01
  2.56000E+00  6.45186E+00  4.94705E-02
  2.57000E+00  6.45211E+00 -4.93283E-02
  2.58000E+00  6.45137E+00 -1.48127E-01
  2.59000E+00  6.44964E+00 -2.46926E-01
  2.60000E+00  6.44692E+00 -3.45725E-01
  2.61000E+00  6.44322E+00 -4.44523E-01
  2.62000E+00  6.43853E+00 -5.43322E-01
  2.63000E+00  6.43285E+00 -6.42121E-01
  2.64000E+00  6.42618E+00 -7.40920E-01
  2.65000E+00  6.41852E+00 -8.39718E-01
  2.66000E+00  6.40988E+00 -9.38517E-01
  2.67000E+00  6.40025E+00 -1.03732E+00
  2.68000E+00  6.38963E+00 -1.13611E+00
  2.69000E+00  6.37802E+00 -1.23491E+00
  2.70000E+00  6.36542E+00 -1.33371E+00
  2.71000E+00  6.35184E+00 -1.43251E+00
  2.72000E+00  6.33727E+00 -1.53131E+00
  2.73000E+00  6.32170E+00 -1.63011E+00
  2.74000E+00  6.30516E+00 -1.72891E+00
  2.75000E+00  6.28762E+00 -1.82771E+00
  2.76000E+00  6.26910E+00 -1.92651E+00
  2.77000E+00  6.24959E+00 -2.02530E+00
  2.78000E+00  6.22909E+00 -2.12410E+00
  2.79000E+00  6.20760E+00 -2.22290E+00
  2.80000E+00  6.18512E+00 -2.32170E+00
  2.81000E+00  6.16166E+00 -2.42050E+00
  2.82000E+00  6.13721E+00 -2.51930E+00
  2.83000E+00  6.11177E+00 -2.61810E+00
  2.84000E+00  6.08534E+00 -2.71690E+00
  2.85000E+00  6.05792E+00 -2.81569E+00
  2.86000E+00  6.02952E+00 -2.91449E+00
  2.87000E+00  6.00013E+00 -3.01329E+00
  2.88000E+00  5.96975E+00 -3.11209E+00
  2.89000E+00  5.93838E+00 -3.21089E+00
  2.90000E+00  5.90603E+00 -3.30969E+00
  2.91000E+00  5.87268E+00 -3.40849E+00
  2.92000E+00  5.83835E+00 -3.50729E+00
  2.93000E+00  5.80303E+00 -3.60608E+00
  2.94000E+00  5.76672E+00 -3.70488E+00
  2.95000E+00  5.72943E+00 -3.80368E+00
  2.96000E+00  5.69114E+00 -3.90248E+00
  2.97000E+00  5.65187E+00 -4.00128E+00
  2.98000E+00  5.61161E+00 -4.10008E+00
  2.99000E+00  5.57037E+00 -4.19888E+00
  3.00000E+00  5.52813E+00 -4.29768E+00
  3.01000E+00  5.48491E+00 -4.39648E+00
  3.02000E+00  5.44070E+00 -4.49528E+00
  3.03000E+00  5.39550E+00 -4.59407E+00
  3.04000E+00  5.34931E+00 -4.69287E+00
  3.05000E+00  5.30214E+00 -4.79167E+00
  3.06000E+00  5.25397E+00 -4.89047E+00
  3.07000E+00  5.20482E+00 -4.98927E+00
  3.08000E+00  5.15468E+00 -5.08807E+00
  3.09000E+00  5.10356E+00 -5.18687E+00
  3.10000E+00  5.05144E+00 -5.28567E+00
  3.11000E+00  4.99834E+00 -5.38446E+00
  3.12000E+00  4.94425E+00 -5.48326E+00
  3.13000E+00  4.88917E+00 -5.58206E+00
  3.14000E+00  4.83310E+00 -5.68086E+00
  3.15000E+00  4.77605E+00 -5.77966E+00
  3.16000E+00  4.71800E+00 -5.87846E+00
  3.17000E+00  4.65897E+00 -5.97726E+00
  3.18000E+00  4.59895E+00 -6.07606E+00
  3.19000E+00  4.53795E+00 -6.17485E+00
  3.20000E+00  4.47595E+00 -6.27365E+00
  3.21000E+00  4.41297E+00 -6.37245E+00
  3.22000E+00  4.34900E+00 -6.47125E+00
  3.23000E+00  4.28404E+00 -6.57005E+00
  3.24000E+00  4.21809E+00 -6.66885E+00
  3.25000E+00  4.15116E+00 -6.76765E+00
  3.26000E+00  4.08324E+00 -6.86645E+00
  3.27000E+00  4.01433E+00 -6.96524E+00
  3.28000E+00  3.94443E+00 -7.06404E+00
  3.29000E+00  3.87354E+00 -7.16284E+00
  3.30000E+00  3.80167E+00 -7.26164E+00
  3.31000E+00  3.72880E+00 -7.36044E+00
  3.32000E+00  3.65495E+00 -7.45924E+00
  3.33000E+00  3.58011E+00 -7.55804E+00
  3.34000E+00  3.50429E+00 -7.65684E+00
  3.35000E+00  3.42747E+00 -7.75563E+00
  3.36000E+00  3.34967E+00 -7.85443E+00
  3.37000E+00  3.27088E+00 -7.95323E+00
  3.38000E+00  3.19110E+00 -8.05203E+00
  3.39000E+00  3.11034E+00 -8.15083E+00
  3.40000E+00  3.02858E+00 -8.24963E+00
  3.41000E+00  2.94584E+00 -8.34843E+00
  3.42000E+00  2.86211E+00 -8.44723E+00
  3.43000E+00  2.77739E+00 -8.54602E+00
  3.44000E+00  2.69168E+00 -8.64482E+00
  3.45000E+00  2.60499E+00 -8.74362E+00
  3.46000E+00  2.51731E+00 -8.84242E+00
  3.47000E+00  2.42864E+00 -8.94122E+00
  3.48000E+00  2.33898E+00 -9.04002E+00
  3.49000E+00  2.24833E+00 -9.13882E+00
  3.50000E+00  2.15670E+00 -9.23762E+00
  3.51000E+00  2.06408E+00 -9.33642E+00
  3.52000E+00  1.97047E+00 -9.43521E+00
  3.53000E+00  1.87587E+00 -9.53401E+00
  3.54000E+00  1.78028E+00 -9.63281E+00
  3.55000E+00  1.68371E+00 -9.73161E+00
  3.56000E+00  1.58615E+00 -9.83041E+00
  3.57000E+00  1.48760E+00 -9.92921E+00
  3.58000E+00  1.38806E+00 -1.00280E+01
  3.59000E+00  1.28753E+00 -1.01268E+01
  3.60000E+00  1.18602E+00 -1.02256E+01
  3.61000E+00  1.08352E+00 -1.03244E+01
  3.62000E+00  9.80029E-01 -1.04232E+01
  3.63000E+00  8.75551E-01 -1.05220E+01
  3.64000E+00  7.70085E-01 -1.06208E+01
  3.65000E+00  6.63631E-01 -1.07196E+01
  3.66000E+00  5.56190E-01 -1.08184E+01
  3.67000E+00  4.47760E-01 -1.09172E+01
  3.68000E+00  3.38343E-01 -1.10160E+01
  3.69000E+00  2.27937E-01 -1.11148E+01
  3.70000E+00  1.16543E-01 -1.12136E+01
  3.71000E+00  4.16190E-03 -1.13124E+01
  3.72000E+00  9.44140E-02  8.95111E+00
  3.73000E+00  1.83677E-01  8.85231E+00
  3.74000E+00  2.71952E-01  8.75352E+00
  3.75000E+00  3.59239E-01  8.65472E+00
  3.76000E+00  4.45538E-01  8.55592E+00
  3.77000E+00  5.30849E-01  8.45712E+00
  3.78000E+00  6.15173E-01  8.35832E+00
  3.79000E+00  6.98508E-01  8.25952E+00
  3.80000E+00  7.80855E-01  8.16072E+00
  3.81000E+00  8.62214E-01  8.06192E+00
  3.82000E+00  9.42585E-01  7.96312E+00
  3.83000E+00  1.02197E+00  7.86433E+00
  3.84000E+00  1.10036E+00  7.76553E+00
  3.85000E+00  1.17777E+00  7.66673E+00
  3.86000E+00  1.25419E+00  7.56793E+00
  3.87000E+00  1.32962E+00  7.46913E+00
  3.88000E+00  1.40407E+00  7.37033E+00
  3.89000E+00  1.47752E+00  7.27153E+00
  3.90000E+00  1.54999E+00  7.17273E+00
  3.91000E+00  1.62147E+00  7.07394E+00
  3.92000E+00  1.69196E+00  6.97514E+00
  3.93000E+00  1.76146E+00  6.87634E+00
  3.94000E+00  1.82998E+00  6.77754E+00
  3.95000E+00  1.89751E+00  6.67874E+00
  3.96000E+00  1.96405E+00  6.57994E+00
  3.97000E+00  2.02960E+00  6.48114E+00
  3.98000E+00  2.09416E+00  6.38234E+00
  3.99000E+00  2.15774E+00  6.28355E+00
  4.00000E+00  2.22032E+00  6.18475E+00
  4.01000E+00  2.28192E+00  6.08595E+00
  4.02000E+00  2.34254E+00  5.98715E+00
  4.03000E+00  2.40216E+00  5.88835E+00
  4.04000E+00  2.46079E+00  5.78955E+00
  4.05000E+00  2.51844E+00  5.69076E+00
  4.06000E+00  2.57510E+00  5.59196E+00
  4.07000E+00  2.63077E+00  5.49316E+00
  4.08000E+00  2.68546E+00  5.39436E+00
  4.09000E+00  2.73915E+00  5.29557E+00
  4.10000E+00  2.79186E+00  5.19677E+00
  4.11000E+00  2.84358E+00  5.09797E+00
  4.12000E+00  2.89431E+00  4.99917E+00
  4.13000E+00  2.94406E+00  4.90037E+00
  4.14000E+00  2.99281E+00  4.80157E+00
  4.15000E+00  3.04058E+00  4.70277E+00
  4.16000E+00  3.08736E+00  4.60398E+00
  4.17000E+00  3.13315E+00  4.50518E+00
  4.18000E+00  3.17795E+00  4.40638E+00
  4.19000E+00  3.22177E+00  4.30758E+00
  4.20000E+00  3.26460E+00  4.20879E+00
  4.21000E+00  3.30644E+00  4.10999E+00
  4.22000E+00  3.34729E+00  4.01119E+00
  4.23000E+00  3.38716E+00  3.91239E+00
  4.24000E+00  3.42603E+00  3.81359E+00
  4.25000E+00  3.46392E+00  3.71479E+00
  4.26000E+00  3.50082E+00  3.61600E+00
  4.27000E+00  3.53673E+00  3.51720E+00
  4.28000E+00  3.57166E+00  3.41840E+00
  4.29000E+00  3.60559E+00  3.31960E+00
  4.30000E+00  3.63854E+00  3.22080E+00
  4.31000E+00  3.67050E+00  3.12200E+00
  4.32000E+00  3.70147E+00  3.02321E+00
  4.33000E+00  3.73146E+00  2.92441E+00
  4.34000E+00  3.76046E+00  2.82561E+00
  4.35000E+00  3.78846E+00  2.72681E+00
  4.36000E+00  3.81549E+00  2.62801E+00
  4.37000E+00  3.84152E+00  2.52921E+00
  4.38000E+00  3.86656E+00  2.43041E+00
  4.39000E+00  3.89062E+00  2.33161E+00
  4.40000E+00  3.91369E+00  2.23281E+00
  4.41000E+00  3.93577E+00  2.13402E+00
  4.42000E+00  3.95686E+00  2.03522E+00
  4.43000E+00  3.97697E+00  1.93642E+00
  4.44000E+00  3.99608E+00  1.83762E+00
  4.45000E+00  4.01421E+00  1.73883E+00
  4.46000E+00  4.03135E+00  1.64003E+00
  4.47000E+00  4.04751E+00  1.54123E+00
  4.48000E+00  4.06267E+00  1.44243E+00
  4.49000E+00  4.07685E+00  1.34363E+00
  4.50000E+00  4.09004E+00  1.24483E+00
  4.51000E+00  4.10224E+00  1.14604E+00
  4.52000E+00  4.11345E+00  1.04724E+00
  4.53000E+00  4.12368E+00  9.48440E-01
  4.54000E+00  4.13291E+00  8.49640E-01
  4.55000E+00  4.14116E+00  7.50844E-01
  4.56000E+00  4.14842E+00  6.52044E-01
  4.57000E+00  4.15470E+00  5.53247E-01
  4.58000E+00  4.15998E+00  4.54447E-01
  4.59000E+00  4.16428E+00  3.55651E-01
  4.60000E+00  4.16759E+00  2.56851E-01
  4.61000E+00  4.16991E+00  1.58051E-01
  4.62000E+00  4.17124E+00  5.92546E-02
  4.63000E+00  4.17159E+00 -3.95454E-02
  4.64000E+00  4.17095E+00 -1.38342E-01
  4.65000E+00  4.16932E+00 -2.37142E-01
  4.66000E+00  4.16670E+00 -3.35938E-01
  4.67000E+00  4.16309E+00 -4.34738E-01
  4.68000E+00  4.15850E+00 -5.33535E-01
  4.69000E+00  4.15291E+00 -6.32335E-01
  4.70000E+00  4.14634E+00 -7.31131E-01
  4.71000E+00  4.13879E+00 -8.29931E-01
  4.72000E+00  4.13024E+00 -9.28727E-01
  4.73000E+00  4.12071E+00 -1.02753E+00
  4.74000E+00  4.11018E+00 -1.12632E+00
  4.75000E+00  4.09867E+00 -1.22512E+00
  4.76000E+00  4.08618E+00 -1.32392E+00
  4.77000E+00  4.07269E+00 -1.42272E+00
  4.78000E+00  4.05822E+00 -1.52152E+00
  4.79000E+00  4.04276E+00 -1.62032E+00
  4.80000E+00  4.02631E+00 -1.71911E+00
  4.81000E+00  4.00887E+00 -1.81791E+00
  4.82000E+00  3.99044E+00 -1.91671E+00
  4.83000E+00  3.97103E+00 -2.01551E+00
  4.84000E+00  3.95063E+00 -2.11431E+00
  4.85000E+00  3.92924E+00 -2.21311E+00
  4.86000E+00  3.90686E+00 -2.31190E+00
  4.87000E+00  3.88349E+00 -2.41070E+00
  4.88000E+00  3.85914E+00 -2.50950E+00
  4.89000E+00  3.83380E+00 -2.60830E+00
  4.90000E+00  3.80747E+00 -2.70710E+00
  4.91000E+00  3.78015E+00 -2.80590E+00
  4.92000E+00  3.75185E+00 -2.90470E+00
  4.93000E+00  3.72255E+00 -3.00349E+00
  4.94000E+00  3.69227E+00 -3.10229E+00
  4.95000E+00  3.66100E+00 -3.20109E+00
  4.96000E+00  3.62874E+00 -3.29989E+00
  4.97000E+00  3.59550E+00 -3.39869E+00
  4.98000E+00  3.56127E+00 -3.49749E+00
  4.99000E+00  3.52604E+00 -3.59628E+00
  5.00000E+00  3.48983E+00 -3.69508E+00
  5.01000E+00  3.45264E+00 -3.79388E+00
  5.02000E+00  3.41445E+00 -3.89268E+00
  5.03000E+00  3.37528E+00 -3.99148E+00
  5.04000E+00  3.33512E+00 -4.09028E+00
  5.05000E+00  3.29397E+00 -4.18907E+00
  5.06000E+00  3.25183E+00 -4.28787E+00
  5.07000E+00  3.20871E+00 -4.38667E+00
  5.08000E+00  3.16459E+00 -4.48547E+00
  5.09000E+00  3.11949E+00 -4.58427E+00
  5.10000E+00  3.07341E+00 -4.68306E+00
  5.11000E+00  3.02633E+00 -4.78186E+00
  5.12000E+00  2.97826E+00 -4.88066E+00
  5.13000E+00  2.92921E+00 -4.97946E+00
  5.14000E+00  2.87917E+00 -5.07826E+00
  5.15000E+00  2.82814E+00 -5.17706E+00
  5.16000E+00  2.77612E+00 -5.27585E+00
  5.17000E+00  2.72312E+00 -5.37465E+00
  5.18000E+00  2.66913E+00 -5.47345E+00
  5.19000E+00  2.61415E+00 -5.57225E+00
  5.20000E+00  2.55818E+00 -5.67105E+00
  5.21000E+00  2.50122E+00 -5.76985E+00
  5.22000E+00  2.44328E+00 -5.86864E+00
  5.23000E+00  2.38434E+00 -5.96744E+00
  5.24000E+00  2.32443E+00 -6.06624E+00
  5.25000E+00  2.26352E+00 -6.16504E+00
  5.26000E+00  2.20162E+00 -6.26383E+00
  5.27000E+00  2.13874E+00 -6.36263E+00
  5.28000E+00  2.07486E+00 -6.46143E+00
  5.29000E+00  2.01000E+00 -6.56023E+00
  5.30000E+00  1.94416E+00 -6.65903E+00
  5.31000E+00  1.87732E+00 -6.75783E+00
  5.32000E+00  1.80950E+00 -6.85662E+00
  5.33000E+00  1.74068E+00 -6.95542E+00
  5.34000E+00  1.67088E+00 -7.05422E+00
  5.35000E+00  1.60010E+00 -7.15302E+00
  5.36000E+00  1.52832E+00 -7.25181E+00
  5.37000E+00  1.45556E+00 -7.35061E+00
  5.38000E+00  1.38180E+00 -7.44941E+00
  5.39000E+00  1.30706E+00 -7.54821E+00
  5.40000E+00  1.23134E+00 -7.64701E+00
  5.41000E+00  1.15462E+00 -7.74581E+00
  5.42000E+00  1.07692E+00 -7.84461E+00
  5.43000E+00  9.98225E-01 -7.94340E+00
  5.44000E+00  9.18544E-01 -8.04220E+00
  5.45000E+00  8.37878E-01 -8.14100E+00
  5.46000E+00  7.56221E-01 -8.23980E+00
  5.47000E+00  6.73579E-01 -8.33860E+00
  5.48000E+00  5.89946E-01 -8.43740E+00
  5.49000E+00  5.05328E-01 -8.53619E+00
  5.50000E+00  4.19720E-01 -8.63499E+00
  5.51000E+00  3.33126E-01 -8.73379E+00
  5.52000E+00  2.45541E-01 -8.83259E+00
  5.53000E+00  1.56971E-01 -8.93139E+00
  5.54000E+00  6.74102E-02 -9.03019E+00
  5.55000E+00 -2.31354E-02 -9.12899E+00
  5.56000E+00  4.96495E-02  7.20439E+00
  5.57000E+00  1.21444E-01  7.10559E+00
  5.58000E+00  1.92253E-01  7.00679E+00
  5.59000E+00  2.62071E-01  6.90800E+00
  5.60000E+00  3.30904E-01  6.80920E+00
  5.61000E+00  3.98747E-01  6.71040E+00
  5.62000E+00  4.65604E-01  6.61160E+00
  5.63000E+00  5.31470E-01  6.51280E+00
  5.64000E+00  5.96351E-01  6.41401E+00
  5.65000E+00  6.60244E-01  6.31521E+00
  5.66000E+00  7.23147E-01  6.21641E+00
  5.67000E+00  7.85064E-01  6.11761E+00
  5.68000E+00  8.45991E-01  6.01881E+00
  5.69000E+00  9.05932E-01  5.92001E+00
  5.70000E+00  9.64883E-01  5.82122E+00
  5.71000E+00  1.02285E+00  5.72242E+00
  5.72000E+00  1.07982E+00  5.62362E+00
  5.73000E+00  1.13581E+00  5.52482E+00
  5.74000E+00  1.19081E+00  5.42602E+00
  5.75000E+00  1.24483E+00  5.32723E+00
  5.76000E+00  1.29785E+00  5.22843E+00
  5.77000E+00  1.34989E+00  5.12963E+00
  5.78000E+00  1.40093E+00  5.03083E+00
  5.79000E+00  1.45099E+00  4.93203E+00
  5.80000E+00  1.50007E+00  4.83324E+00
  5.81000E+00  1.54815E+00  4.73444E+00
  5.82000E+00  1.59525E+00  4.63564E+00
  5.83000E+00  1.64136E+00  4.53684E+00
  5.84000E+00  1.68648E+00  4.43804E+00
  5.85000E+00  1.73061E+00  4.33924E+00
  5.86000E+00  1.77375E+00  4.24045E+00
  5.87000E+00  1.81591E+00  4.14165E+00
  5.88000E+00  1.85708E+00  4.04285E+00
  5.89000E+00  1.89726E+00  3.94405E+00
  5.90000E+00  1.93645E+00  3.84525E+00
  5.91000E+00  1.97466E+00  3.74646E+00
  5.92000E+00  2.01188E+00  3.64766E+00
  5.93000E+00  2.04810E+00  3.54886E+00
  5.94000E+00  2.08335E+00  3.45006E+00
  5.95000E+00  2.11760E+00  3.35126E+00
  5.96000E+00  2.15086E+00  3.25246E+00
  5.97000E+00  2.18314E+00  3.15367E+00
  5.98000E+00  2.21443E+00  3.05486E+00
  5.99000E+00  2.24473E+00  2.95607E+00
  6.00000E+00  2.27404E+00  2.85727E+00
  6.01000E+00  2.30237E+00  2.75847E+00
  6.02000E+00  2.32971E+00  2.65967E+00
  6.03000E+00  2.35606E+00  2.56087E+00
  6.04000E+00  2.38142E+00  2.46207E+00
  6.05000E+00  2.40579E+00  2.36328E+00
  6.06000E+00  2.42918E+00  2.26448E+00
  6.07000E+00  2.45157E+00  2.16568E+00
  6.08000E+00  2.47298E+00  2.06688E+00
  6.09000E+00  2.49340E+00  1.96808E+00
  6.10000E+00  2.51284E+00  1.86928E+00
  6.11000E+00  2.53128E+00  1.77049E+00
  6.12000E+00  2.54874E+00  1.67169E+00
  6.13000E+00  2.56521E+00  1.57289E+00
  6.14000E+00  2.58069E+00  1.47409E+00
  6.15000E+00  2.59519E+00  1.37529E+00
  6.16000E+00  2.60869E+00  1.27650E+00
  6.17000E+00  2.62121E+00  1.17770E+00
  6.18000E+00  2.63274E+00  1.07890E+00
  6.19000E+00  2.64328E+00  9.80099E-01
  6.20000E+00  2.65283E+00  8.81303E-01
  6.21000E+00  2.66140E+00  7.82503E-01
  6.22000E+00  2.66898E+00  6.83707E-01
  6.23000E+00  2.67557E+00  5.84907E-01
  6.24000E+00  2.68117E+00  4.86110E-01
  6.25000E+00  2.68578E+00  3.87310E-01
  6.26000E+00  2.68941E+00  2.88514E-01
  6.27000E+00  2.69205E+00  1.89714E-01
  6.28000E+00  2.69370E+00  9.09174E-02
  6.29000E+00  2.69436E+00 -7.88256E-03
  6.30000E+00  2.69403E+00 -1.06679E-01
  6.31000E+00  2.69272E+00 -2.05479E-01
  6.32000E+00  2.69042E+00 -3.04275E-01
  6.33000E+00  2.68713E+00 -4.03075E-01
  6.34000E+00  2.68285E+00 -5.01872E-01
  6.35000E+00  2.67759E+00 -6.00672E-01
  6.36000E+00  2.67133E+00 -6.99468E-01
  6.37000E+00  2.66409E+00 -7.98268E-01
  6.38000E+00  2.65586E+00 -8.97064E-01
  6.39000E+00  2.64664E+00 -9.95864E-01
  6.40000E+00  2.63644E+00 -1.09466E+00
  6.41000E+00  2.62524E+00 -1.19346E+00
  6.42000E+00  2.61306E+00 -1.29226E+00
  6.43000E+00  2.59989E+00 -1.39106E+00
  6.44000E+00  2.58574E+00 -1.48986E+00
  6.45000E+00  2.57059E+00 -1.58865E+00
  6.46000E+00  2.55446E+00 -1.68745E+00
  6.47000E+00  2.53734E+00 -1.78625E+00
  6.48000E+00  2.51923E+00 -1.88505E+00
  6.49000E+00  2.50013E+00 -1.98385E+00
  6.50000E+00  2.48005E+00 -2.08265E+00
  6.51000E+00  2.45897E+00 -2.18144E+00
  6.52000E+00  2.43691E+00 -2.28024E+00
  6.53000E+00  2.41386E+00 -2.37904E+00
  6.54000E+00  2.38983E+00 -2.47784E+00
  6.55000E+00  2.36480E+00 -2.57664E+00
  6.56000E+00  2.33879E+00 -2.67544E+00
  6.57000E+00  2.31179E+00 -2.77423E+00
  6.58000E+00  2.28380E+00 -2.87303E+00
  6.59000E+00  2.25482E+00 -2.97183E+00
  6.60000E+00  2.22486E+00 -3.07063E+00
  6.61000E+00  2.19390E+00 -3.16943E+00
  6.62000E+00  2.16196E+00 -3.26823E+00
  6.63000E+00  2.12903E+00 -3.36702E+00
  6.64000E+00  2.09512E+00 -3.46582E+00
  6.65000E+00  2.06021E+00 -3.56462E+00
  6.66000E+00  2.02432E+00 -3.66342E+00
  6.67000E+00  1.98744E+00 -3.76222E+00
  6.68000E+00  1.94957E+00 -3.86102E+00
  6.69000E+00  1.91071E+00 -3.95982E+00
  6.70000E+00  1.87087E+00 -4.05861E+00
  6.71000E+00  1.83004E+00 -4.15741E+00
  6.72000E+00  1.78822E+00 -4.25621E+00
  6.73000E+00  1.74541E+00 -4.35501E+00
  6.74000E+00  1.70161E+00 -4.45381E+00
  6.75000E+00  1.65683E+00 -4.55261E+00
  6.76000E+00  1.61106E+00 -4.65140E+00
  6.77000E+00  1.56429E+00 -4.75020E+00
  6.78000E+00  1.51655E+00 -4.84900E+00
  6.79000E+00  1.46781E+00 -4.94780E+00
  6.80000E+00  1.41809E+00 -5.04659E+00
  6.81000E+00  1.36737E+00 -5.14539E+00
  6.82000E+00  1.31568E+00 -5.24419E+00
  6.83000E+00  1.26299E+00 -5.34299E+00
  6.84000E+00  1.20931E+00 -5.44179E+00
  6.85000E+00  1.15465E+00 -5.54059E+00
  6.86000E+00  1.09900E+00 -5.63938E+00
  6.87000E+00  1.04236E+00 -5.73818E+00
  6.88000E+00  9.84728E-01 -5.83698E+00
  6.89000E+00  9.26112E-01 -5.93578E+00
  6.90000E+00  8.66509E-01 -6.03457E+00
  6.91000E+00  8.05916E-01 -6.13337E+00
  6.92000E+00  7.44336E-01 -6.23217E+00
  6.93000E+00  6.81769E-01 -6.33097E+00
  6.94000E+00  6.18212E-01 -6.42977E+00
  6.95000E+00  5.53670E-01 -6.52857E+00
  6.96000E+00  4.88137E-01 -6.62737E+00
  6.97000E+00  4.21619E-01 -6.72616E+00
  6.98000E+00  3.54110E-01 -6.82496E+00
  6.99000E+00  2.85616E-01 -6.92376E+00
  7.00000E+00  2.16132E-01 -7.02256E+00
  7.01000E+00  1.45662E-01 -7.12135E+00
  7.02000E+00  7.42012E-02 -7.22015E+00
  7.03000E+00  1.75527E-03 -7.31895E+00
  7.04000E+00  6.00599E-02  5.75636E+00
  7.05000E+00  1.17374E-01  5.65756E+00
  7.06000E+00  1.73703E-01  5.55876E+00
  7.07000E+00  2.29042E-01  5.45997E+00
  7.08000E+00  2.83394E-01  5.36117E+00
  7.09000E+00  3.36757E-01  5.26237E+00
  7.10000E+00  3.89134E-01  5.16357E+00
  7.11000E+00  4.40521E-01  5.06478E+00
  7.12000E+00  4.90922E-01  4.96598E+00
  7.13000E+00  5.40333E-01  4.86718E+00
  7.14000E+00  5.88757E-01  4.76838E+00
  7.15000E+00  6.36193E-01  4.66958E+00
  7.16000E+00  6.82641E-01  4.57078E+00
  7.17000E+00  7.28102E-01  4.47198E+00
  7.18000E+00  7.72573E-01  4.37319E+00
  7.19000E+00  8.16058E-01  4.27439E+00
  7.20000E+00  8.58554E-01  4.17559E+00
  7.21000E+00  9.00063E-01  4.07679E+00
  7.22000E+00  9.40582E-01  3.97800E+00
  7.23000E+00  9.80115E-01  3.87920E+00
  7.24000E+00  1.01866E+00  3.78040E+00
  7.25000E+00  1.05622E+00  3.68160E+00
  7.26000E+00  1.09278E+00  3.58280E+00
  7.27000E+00  1.12836E+00  3.48400E+00
  7.28000E+00  1.16296E+00  3.38521E+00
  7.29000E+00  1.19656E+00  3.28641E+00
  7.30000E+00  1.22918E+00  3.18761E+00
  7.31000E+00  1.26081E+00  3.08881E+00
  7.32000E+00  1.29145E+00  2.99001E+00
  7.33000E+00  1.32110E+00  2.89121E+00
  7.34000E+00  1.34976E+00  2.79242E+00
  7.35000E+00  1.37744E+00  2.69362E+00
  7.36000E+00  1.40413E+00  2.59482E+00
  7.37000E+00  1.42983E+00  2.49602E+00
  7.38000E+00  1.45454E+00  2.39722E+00
  7.39000E+00  1.47827E+00  2.29842E+00
  7.40000E+00  1.50100E+00  2.19963E+00
  7.41000E+00  1.52275E+00  2.10083E+00
  7.42000E+00  1.54351E+00  2.00203E+00
  7.43000E+00  1.56329E+00  1.90323E+00
  7.44000E+00  1.58207E+00  1.80443E+00
  7.45000E+00  1.59987E+00  1.70563E+00
  7.46000E+00  1.61668E+00  1.60683E+00
  7.47000E+00  1.63250E+00  1.50804E+00
  7.48000E+00  1.64733E+00  1.40924E+00
  7.49000E+00  1.66118E+00  1.31044E+00
  7.50000E+00  1.67403E+00  1.21164E+00
  7.51000E+00  1.68590E+00  1.11284E+00
  7.52000E+00  1.69678E+00  1.01404E+00
  7.53000E+00  1.70668E+00  9.15247E-01
  7.54000E+00  1.71558E+00  8.16447E-01
  7.55000E+00  1.72350E+00  7.17651E-01
  7.56000E+00  1.73043E+00  6.18851E-01
  7.57000E+00  1.73637E+00  5.20054E-01
  7.58000E+00  1.74132E+00  4.21254E-01
  7.59000E+00  1.74529E+00  3.22458E-01
  7.60000E+00  1.74827E+00  2.23658E-01
  7.61000E+00  1.75026E+00  1.24861E-01
  7.62000E+00  1.75126E+00  2.60615E-02
  7.63000E+00  1.75127E+00 -7.27349E-02
  7.64000E+00  1.75030E+00 -1.71535E-01
  7.65000E+00  1.74834E+00 -2.70331E-01
  7.66000E+00  1.74539E+00 -3.69131E-01
  7.67000E+00  1.74145E+00 -4.67928E-01
  7.68000E+00  1.73652E+00 -5.66728E-01
  7.69000E+00  1.73061E+00 -6.65528E-01
  7.70000E+00  1.72370E+00 -7.64324E-01
  7.71000E+00  1.71581E+00 -8.63124E-01
  7.72000E+00  1.70694E+00 -9.61920E-01
  7.73000E+00  1.69707E+00 -1.06072E+00
  7.74000E+00  1.68622E+00 -1.15952E+00
  7.75000E+00  1.67437E+00 -1.25832E+00
  7.76000E+00  1.66154E+00 -1.35711E+00
  7.77000E+00  1.64773E+00 -1.45591E+00
  7.78000E+00  1.63292E+00 -1.55471E+00
  7.79000E+00  1.61713E+00 -1.65351E+00
  7.80000E+00  1.60035E+00 -1.75231E+00
  7.81000E+00  1.58258E+00 -1.85111E+00
  7.82000E+00  1.56382E+00 -1.94990E+00
  7.83000E+00  1.54407E+00 -2.04870E+00
  7.84000E+00  1.52334E+00 -2.14750E+00
  7.85000E+00  1.50162E+00 -2.24630E+00
  7.86000E+00  1.47891E+00 -2.34510E+00
  7.87000E+00  1.45521E+00 -2.44390E+00
  7.88000E+00  1.43052E+00 -2.54269E+00
  7.89000E+00  1.40485E+00 -2.64149E+00
  7.90000E+00  1.37819E+00 -2.74029E+00
  7.91000E+00  1.35054E+00 -2.83909E+00
  7.92000E+00  1.32190E+00 -2.93789E+00
  7.93000E+00  1.29228E+00 -3.03669E+00
  7.94000E+00  1.26166E+00 -3.13549E+00
  7.95000E+00  1.23006E+00 -3.23428E+00
  7.96000E+00  1.19747E+00 -3.33308E+00
  7.97000E+00  1.16390E+00 -3.43188E+00
  7.98000E+00  1.12933E+00 -3.53068E+00
  7.99000E+00  1.09378E+00 -3.62948E+00
  8.00000E+00  1.05724E+00 -3.72828E+00
  8.01000E+00  1.01971E+00 -3.82708E+00
  8.02000E+00  9.81192E-01 -3.92587E+00
  8.03000E+00  9.41687E-01 -4.02467E+00
  8.04000E+00  9.01193E-01 -4.12347E+00
  8.05000E+00  8.59711E-01 -4.22227E+00
  8.06000E+00  8.17245E-01 -4.32106E+00
  8.07000E+00  7.73787E-01 -4.41986E+00
  8.08000E+00  7.29342E-01 -4.51866E+00
  8.09000E+00  6.83908E-01 -4.61746E+00
  8.10000E+00  6.37490E-01 -4.71625E+00
  8.11000E+00  5.90081E-01 -4.81505E+00
  8.12000E+00  5.41683E-01 -4.91385E+00
  8.13000E+00  4.92298E-01 -5.01265E+00
  8.14000E+00  4.41929E-01 -5.11144E+00
  8.15000E+00  3.90567E-01 -5.21024E+00
  8.16000E+00  3.38218E-01 -5.30904E+00
  8.17000E+00  2.84880E-01 -5.40784E+00
  8.18000E+00  2.30559E-01 -5.50663E+00
  8.19000E+00  1.75246E-01 -5.60543E+00
  8.20000E+00  1.18945E-01 -5.70423E+00
  8.21000E+00  6.16555E-02 -5.80303E+00
  8.22000E+00  3.37823E-03 -5.90183E+00
  8.23000E+00  5.03419E-02  4.62267E+00
  8.24000E+00  9.63217E-02  4.52387E+00
  8.25000E+00  1.41313E-01  4.42507E+00
  8.26000E+00  1.85317E-01  4.32627E+00
  8.27000E+00  2.28329E-01  4.22748E+00
  8.28000E+00  2.70357E-01  4.12868E+00
  8.29000E+00  3.11397E-01  4.02988E+00
  8.30000E+00  3.51449E-01  3.93108E+00
  8.31000E+00  3.90509E-01  3.83229E+00
  8.32000E+00  4.28585E-01  3.73349E+00
  8.33000E+00  4.65673E-01  3.63469E+00
  8.34000E+00  5.01773E-01  3.53589E+00
  8.35000E+00  5.36882E-01  3.43710E+00
  8.36000E+00  5.71006E-01  3.33830E+00
  8.37000E+00  6.04142E-01  3.23950E+00
  8.38000E+00  6.36290E-01  3.14070E+00
  8.39000E+00  6.67447E-01  3.04191E+00
  8.40000E+00  6.97620E-01  2.94311E+00
  8.41000E+00  7.26804E-01  2.84431E+00
  8.42000E+00  7.55000E-01  2.74551E+00
  8.43000E+00  7.82206E-01  2.64671E+00
  8.44000E+00  8.08426E-01  2.54791E+00
  8.45000E+00  8.33658E-01  2.44911E+00
  8.46000E+00  8.57902E-01  2.35031E+00
  8.47000E+00  8.81158E-01  2.25151E+00
  8.48000E+00  9.03424E-01  2.15272E+00
  8.49000E+00  9.24705E-01  2.05392E+00
  8.50000E+00  9.44997E-01  1.95512E+00
  8.51000E+00  9.64301E-01  1.85632E+00
  8.52000E+00  9.82616E-01  1.75753E+00
  8.53000E+00  9.99944E-01  1.65873E+00
  8.54000E+00  1.01628E+00  1.55993E+00
  8.55000E+00  1.03164E+00  1.46113E+00
  8.56000E+00  1.04600E+00  1.36234E+00
  8.57000E+00  1.05938E+00  1.26354E+00
  8.58000E+00  1.07176E+00  1.16474E+00
  8.59000E+00  1.08316E+00  1.06594E+00
  8.60000E+00  1.09358E+00  9.67146E-01
  8.61000E+00  1.10300E+00  8.68346E-01
  8.62000E+00  1.11144E+00  7.69546E-01
  8.63000E+00  1.11889E+00  6.70746E-01
  8.64000E+00  1.12535E+00  5.71955E-01
  8.65000E+00  1.13082E+00  4.73155E-01
  8.66000E+00  1.13530E+00  3.74355E-01
  8.67000E+00  1.13880E+00  2.75555E-01
  8.68000E+00  1.14131E+00  1.76763E-01
  8.69000E+00  1.14283E+00  7.79630E-02
  8.70000E+00  1.14336E+00 -2.08370E-02
  8.71000E+00  1.14291E+00 -1.19637E-01
  8.72000E+00  1.14146E+00 -2.18437E-01
  8.73000E+00  1.13903E+00 -3.17229E-01
  8.74000E+00  1.13561E+00 -4.16029E-01
  8.75000E+00  1.13120E+00 -5.14829E-01
  8.76000E+00  1.12581E+00 -6.13629E-01
  8.77000E+00  1.11943E+00 -7.12420E-01
  8.78000E+00  1.11206E+00 -8.11220E-01
  8.79000E+00  1.10370E+00 -9.10020E-01
  8.80000E+00  1.09435E+00 -1.00882E+00
  8.81000E+00  1.08401E+00 -1.10761E+00
  8.82000E+00  1.07269E+00 -1.20641E+00
  8.83000E+00  1.06038E+00 -1.30521E+00
  8.84000E+00  1.04708E+00 -1.40401E+00
  8.85000E+00  1.03280E+00 -1.50280E+00
  8.86000E+00  1.01752E+00 -1.60160E+00
  8.87000E+00  1.00126E+00 -1.70040E+00
  8.88000E+00  9.84006E-01 -1.79920E+00
  8.89000E+00  9.65769E-01 -1.89799E+00
  8.90000E+00  9.46542E-01 -1.99679E+00
  8.91000E+00  9.26327E-01 -2.09560E+00
  8.92000E+00  9.05124E-01 -2.19440E+00
  8.93000E+00  8.82935E-01 -2.29319E+00
  8.94000E+00  8.59756E-01 -2.39199E+00
  8.95000E+00  8.35589E-01 -2.49079E+00
  8.96000E+00  8.10435E-01 -2.58959E+00
  8.97000E+00  7.84292E-01 -2.68839E+00
  8.98000E+00  7.57163E-01 -2.78718E+00
  8.99000E+00  7.29044E-01 -2.88598E+00
  9.00000E+00  6.99937E-01 -2.98478E+00
  9.01000E+00  6.69843E-01 -3.08358E+00
  9.02000E+00  6.38763E-01 -3.18237E+00
  9.03000E+00  6.06692E-01 -3.28117E+00
  9.04000E+00  5.73633E-01 -3.37997E+00
  9.05000E+00  5.39586E-01 -3.47877E+00
  9.06000E+00  5.04554E-01 -3.57756E+00
  9.07000E+00  4.68532E-01 -3.67636E+00
  9.08000E+00  4.31521E-01 -3.77516E+00
  9.09000E+00  3.93522E-01 -3.87397E+00
  9.10000E+00  3.54539E-01 -3.97276E+00
  9.11000E+00  3.14565E-01 -4.07156E+00
  9.12000E+00  2.73602E-01 -4.17036E+00
  9.13000E+00  2.31651E-01 -4.26916E+00
  9.14000E+00  1.88716E-01 -4.36795E+00
  9.15000E+00  1.44790E-01 -4.46675E+00
  9.16000E+00  9.98755E-02 -4.56555E+00
  9.17000E+00  5.39730E-02 -4.66435E+00
  9.18000E+00  7.08652E-03 -4.76314E+00
  9.19000E+00  2.52098E-03  3.80063E+00
  9.20000E+00  4.02803E-02  3.70183E+00
  9.21000E+00  7.70516E-02  3.60303E+00
  9.22000E+00  1.12835E-01  3.50423E+00
  9.23000E+00  1.47627E-01  3.40544E+00
  9.24000E+00  1.81435E-01  3.30664E+00
  9.25000E+00  2.14254E-01  3.20784E+00
  9.26000E+00  2.46085E-01  3.10904E+00
  9.27000E+00  2.76926E-01  3.01025E+00
  9.28000E+00  3.06782E-01  2.91145E+00
  9.29000E+00  3.35649E-01  2.81265E+00
  9.30000E+00  3.63529E-01  2.71385E+00
  9.31000E+00  3.90418E-01  2.61505E+00
  9.32000E+00  4.16321E-01  2.51625E+00
  9.33000E+00  4.41237E-01  2.41745E+00
  9.34000E+00  4.65164E-01  2.31865E+00
  9.35000E+00  4.88102E-01  2.21986E+00
  9.36000E+00  5.10054E-01  2.12106E+00
  9.37000E+00  5.31017E-01  2.02226E+00
  9.38000E+00  5.50993E-01  1.92346E+00
  9.39000E+00  5.69979E-01  1.82467E+00
  9.40000E+00  5.87979E-01  1.72587E+00
  9.41000E+00  6.04990E-01  1.62707E+00
  9.42000E+00  6.21014E-01  1.52827E+00
  9.43000E+00  6.36048E-01  1.42948E+00
  9.44000E+00  6.50096E-01  1.33068E+00
  9.45000E+00  6.63156E-01  1.23188E+00
  9.46000E+00  6.75228E-01  1.13308E+00
  9.47000E+00  6.86310E-01  1.03429E+00
  9.48000E+00  6.96406E-01  9.35486E-01
  9.49000E+00  7.05514E-01  8.36686E-01
  9.50000E+00  7.13634E-01  7.37886E-01
  9.51000E+00  7.20766E-01  6.39086E-01
  9.52000E+00  7.26909E-01  5.40294E-01
  9.53000E+00  7.32065E-01  4.41494E-01
  9.54000E+00  7.36233E-01  3.42694E-01
  9.55000E+00  7.39413E-01  2.43894E-01
  9.56000E+00  7.41605E-01  1.45103E-01
  9.57000E+00  7.42809E-01  4.63027E-02
  9.58000E+00  7.43025E-01 -5.24973E-02
  9.59000E+00  7.42253E-01 -1.51297E-01
  9.60000E+00  7.40493E-01 -2.50089E-01
  9.61000E+00  7.37745E-01 -3.48889E-01
  9.62000E+00  7.34009E-01 -4.47689E-01
  9.63000E+00  7.29285E-01 -5.46489E-01
  9.64000E+00  7.23574E-01 -6.45281E-01
  9.65000E+00  7.16874E-01 -7.44081E-01
  9.66000E+00  7.09186E-01 -8.42880E-01
  9.67000E+00  7.00510E-01 -9.41680E-01
  9.68000E+00  6.90847E-01 -1.04047E+00
  9.69000E+00  6.80196E-01 -1.13927E+00
  9.70000E+00  6.68556E-01 -1.23807E+00
  9.71000E+00  6.55928E-01 -1.33687E+00
  9.72000E+00  6.42314E-01 -1.43566E+00
  9.73000E+00  6.27710E-01 -1.53446E+00
  9.74000E+00  6.12118E-01 -1.63326E+00
  9.75000E+00  5.95539E-01 -1.73206E+00
  9.76000E+00  5.77971E-01 -1.83086E+00
  9.77000E+00  5.59417E-01 -1.92966E+00
  9.78000E+00  5.39873E-01 -2.02846E+00
  9.79000E+00  5.19342E-01 -2.12726E+00
  9.80000E+00  4.97822E-01 -2.22606E+00
  9.81000E+00  4.75317E-01 -2.32485E+00
  9.82000E+00  4.51821E-01 -2.42365E+00
  9.83000E+00  4.27338E-01 -2.52245E+00
  9.84000E+00  4.01866E-01 -2.62125E+00
  9.85000E+00  3.75409E-01 -2.72004E+00
  9.86000E+00  3.47962E-01 -2.81884E+00
  9.87000E+00  3.19526E-01 -2.91764E+00
  9.88000E+00  2.90103E-01 -3.01644E+00
  9.89000E+00  2.59694E-01 -3.11523E+00
  9.90000E+00  2.28295E-01 -3.21403E+00
  9.91000E+00  1.95907E-01 -3.31283E+00
  9.92000E+00  1.62532E-01 -3.41163E+00
  9.93000E+00  1.28172E-01 -3.51042E+00
  9.94000E+00  9.28204E-02 -3.60922E+00
  9.95000E+00  5.64812E-02 -3.70802E+00
  9.96000E+00  1.91539E-02 -3.80683E+00
  9.97000E+00  1.55421E-02  3.03559E+00
  9.98000E+00  4.56510E-02  2.93679E+00
  9.99000E+00  7.47719E-02  2.83799E+00
  1.00000E+01  1.02905E-01  2.73919E+00
