0.0000	-500.000000	-100.000000	0.000000	100.000000	-0.000000	-0.038462
0.0100	-499.000000	-99.999710	-0.001153	99.999931	0.115329	-0.038388
0.0200	-498.000000	-99.998268	-0.002304	99.999733	0.230436	-0.038314
0.0300	-497.000000	-99.995674	-0.003453	99.999405	0.345321	-0.038240
0.0400	-496.000000	-99.991936	-0.004600	99.998940	0.459983	-0.038166
0.0500	-495.000000	-99.987053	-0.005744	99.998352	0.574423	-0.038092
0.0600	-494.000000	-99.981026	-0.006886	99.997627	0.688640	-0.038018
0.0700	-493.000000	-99.973854	-0.008026	99.996780	0.802634	-0.037943
0.0800	-492.000061	-99.965546	-0.009164	99.995804	0.916404	-0.037869
0.0900	-491.000122	-99.956093	-0.010300	99.994698	1.029952	-0.037795
0.1000	-490.000183	-99.945511	-0.011433	99.993462	1.143275	-0.037721
0.1100	-489.000244	-99.933800	-0.012564	99.992104	1.256376	-0.037647
0.1200	-488.000305	-99.920959	-0.013693	99.990623	1.369252	-0.037573
0.1300	-487.000427	-99.906990	-0.014820	99.989021	1.481904	-0.037499
0.1400	-486.000549	-99.891891	-0.015944	99.987289	1.594332	-0.037425
0.1500	-485.000671	-99.875664	-0.017066	99.985435	1.706536	-0.037351
0.1600	-484.000824	-99.858322	-0.018186	99.983467	1.818516	-0.037277
0.1700	-483.001007	-99.839859	-0.019304	99.981369	1.930270	-0.037202
0.1800	-482.001190	-99.820274	-0.020419	99.979156	2.041800	-0.037128
0.1900	-481.001404	-99.799576	-0.021533	99.976814	2.153105	-0.037054
0.2000	-480.001648	-99.777771	-0.022644	99.974365	2.264185	-0.036980
0.2100	-479.001892	-99.754852	-0.023753	99.971794	2.375039	-0.036906
0.2200	-478.002197	-99.730820	-0.024859	99.969101	2.485668	-0.036832
0.2300	-477.002502	-99.705688	-0.025964	99.966293	2.596072	-0.036757
0.2400	-476.002869	-99.679459	-0.027066	99.963371	2.706250	-0.036683
0.2500	-475.003235	-99.652115	-0.028166	99.960335	2.816201	-0.036609
0.2600	-474.003632	-99.623672	-0.029263	99.957184	2.925927	-0.036535
0.2700	-473.004059	-99.594139	-0.030359	99.953918	3.035427	-0.036460
0.2800	-472.004547	-99.563515	-0.031452	99.950539	3.144701	-0.036386
0.2900	-471.005035	-99.531792	-0.032543	99.947052	3.253747	-0.036312
0.3000	-470.005585	-99.498985	-0.033632	99.943451	3.362568	-0.036238
0.3100	-469.006165	-99.465088	-0.034719	99.939735	3.471162	-0.036163
0.3200	-468.006775	-99.430107	-0.035803	99.935913	3.579529	-0.036089
0.3300	-467.007416	-99.394043	-0.036885	99.931984	3.687669	-0.036015
0.3400	-466.008087	-99.356895	-0.037965	99.927940	3.795582	-0.035940
0.3500	-465.008820	-99.318672	-0.039043	99.923790	3.903268	-0.035866
0.3600	-464.009583	-99.279373	-0.040118	99.919540	4.010726	-0.035792
0.3700	-463.010406	-99.238998	-0.041191	99.915176	4.117957	-0.035717
0.3800	-462.011261	-99.197548	-0.042262	99.910706	4.224961	-0.035643
0.3900	-461.012177	-99.155029	-0.043331	99.906136	4.331737	-0.035569
0.4000	-460.013123	-99.111443	-0.044397	99.901459	4.438284	-0.035494
0.4100	-459.014130	-99.066788	-0.045462	99.896683	4.544604	-0.035420
0.4200	-458.015167	-99.021080	-0.046524	99.891800	4.650696	-0.035346
0.4300	-457.016266	-98.974304	-0.047584	99.886810	4.756560	-0.035271
0.4400	-456.017426	-98.926476	-0.048641	99.881721	4.862196	-0.035197
0.4500	-455.018616	-98.877594	-0.049696	99.876541	4.967603	-0.035122
0.4600	-454.019867	-98.827652	-0.050750	99.871254	5.072782	-0.035048
0.4700	-453.021179	-98.776665	-0.051800	99.865868	5.177732	-0.034974
0.4800	-452.022522	-98.724625	-0.052849	99.860382	5.282453	-0.034899
0.4900	-451.023926	-98.671539	-0.053896	99.854797	5.386946	-0.034825
0.5000	-450.025391	-98.617409	-0.054940	99.849121	5.491210	-0.034750
0.5100	-449.026917	-98.562233	-0.055982	99.843346	5.595244	-0.034676
0.5200	-448.028503	-98.506020	-0.057021	99.837471	5.699049	-0.034601
0.5300	-447.030151	-98.448769	-0.058059	99.831505	5.802626	-0.034527
0.5400	-446.031860	-98.390480	-0.059094	99.825447	5.905972	-0.034452
0.5500	-445.033630	-98.331161	-0.060127	99.819290	6.009090	-0.034378
0.5600	-444.035461	-98.270813	-0.061158	99.813042	6.111978	-0.034303
0.5700	-443.037354	-98.209435	-0.062186	99.806702	6.214636	-0.034229
0.5800	-442.039307	-98.147034	-0.063213	99.800278	6.317065	-0.034154
0.5900	-441.041321	-98.083611	-0.064237	99.793755	6.419264	-0.034080
0.6000	-440.043396	-98.019165	-0.065259	99.787140	6.521234	-0.034005
0.6100	-439.045532	-97.953697	-0.066278	99.780441	6.622974	-0.033931
0.6200	-438.047760	-97.887215	-0.067296	99.773651	6.724483	-0.033856
0.6300	-437.050049	-97.819717	-0.068311	99.766769	6.825762	-0.033782
0.6400	-436.052399	-97.751213	-0.069324	99.759811	6.926811	-0.033707
0.6500	-435.054810	-97.681686	-0.070334	99.752754	7.027629	-0.033632
0.6600	-434.057312	-97.611153	-0.071343	99.745621	7.128218	-0.033558
0.6700	-433.059875	-97.539619	-0.072349	99.738396	7.228576	-0.033483
0.6800	-432.062500	-97.467087	-0.073353	99.731087	7.328704	-0.033409
0.6900	-431.065216	-97.393547	-0.074355	99.723701	7.428601	-0.033334
0.7000	-430.067993	-97.319016	-0.075354	99.716225	7.528267	-0.033259
0.7100	-429.070831	-97.243484	-0.076351	99.708664	7.627703	-0.033185
0.7200	-428.073761	-97.166962	-0.077346	99.701027	7.726908	-0.033110
0.7300	-427.076782	-97.089447	-0.078339	99.693306	7.825882	-0.033036
0.7400	-426.079865	-97.010941	-0.079329	99.685509	7.924625	-0.032961
0.7500	-425.083038	-96.931450	-0.080318	99.677628	8.023137	-0.032886
0.7600	-424.086273	-96.850975	-0.081304	99.669670	8.121419	-0.032812
0.7700	-423.089600	-96.769516	-0.082288	99.661629	8.219469	-0.032737
0.7800	-422.092987	-96.687073	-0.083269	99.653511	8.317287	-0.032662
0.7900	-421.096466	-96.603653	-0.084248	99.645317	8.414875	-0.032588
0.8000	-420.100037	-96.519257	-0.085225	99.637054	8.512232	-0.032513
0.8100	-419.103668	-96.433891	-0.086200	99.628708	8.609356	-0.032438
0.8200	-418.107422	-96.347557	-0.087173	99.620285	8.706250	-0.032364
0.8300	-417.111237	-96.260254	-0.088143	99.611794	8.802912	-0.032289
0.8400	-416.115143	-96.171982	-0.089111	99.603218	8.899343	-0.032214
0.8500	-415.119141	-96.082748	-0.090077	99.594582	8.995542	-0.032139
0.8600	-414.123199	-95.992554	-0.091041	99.585861	9.091509	-0.032065
0.8700	-413.127380	-95.901398	-0.092002	99.577080	9.187244	-0.031990
0.8800	-412.131622	-95.809288	-0.092961	99.568222	9.282748	-0.031915
0.8900	-411.135956	-95.716217	-0.093918	99.559296	9.378021	-0.031840
0.9000	-410.140381	-95.622200	-0.094873	99.550293	9.473061	-0.031766
0.9100	-409.144897	-95.527237	-0.095825	99.541229	9.567870	-0.031691
0.9200	-408.149506	-95.431328	-0.096775	99.532089	9.662446	-0.031616
0.9300	-407.154205	-95.334473	-0.097723	99.522888	9.756791	-0.031541
0.9400	-406.158997	-95.236671	-0.098669	99.513618	9.850904	-0.031467
0.9500	-405.163879	-95.137924	-0.099613	99.504280	9.944785	-0.031392
0.9600	-404.168854	-95.038246	-0.100554	99.494873	10.038433	-0.031317
0.9700	-403.173950	-94.937630	-0.101493	99.485405	10.131850	-0.031242
0.9800	-402.179108	-94.836075	-0.102429	99.475868	10.225035	-0.031168
0.9900	-401.184387	-94.733589	-0.103364	99.466270	10.317986	-0.031093
1.0000	-400.189728	-94.630180	-0.104296	99.456612	10.410707	-0.031018
1.0100	-399.195190	-94.525841	-0.105226	99.446884	10.503195	-0.030943
1.0200	-398.200745	-94.420578	-0.106154	99.437096	10.595450	-0.030868
1.0300	-397.206390	-94.314392	-0.107079	99.427246	10.687473	-0.030793
1.0400	-396.212158	-94.207291	-0.108002	99.417343	10.779264	-0.030719
1.0500	-395.217987	-94.099274	-0.108923	99.407372	10.870822	-0.030644
1.0600	-394.223938	-93.990341	-0.109842	99.397339	10.962149	-0.030569
1.0700	-393.230011	-93.880493	-0.110759	99.387253	11.053242	-0.030494
1.0800	-392.236145	-93.769730	-0.111673	99.377106	11.144103	-0.030419
1.0900	-391.242401	-93.658066	-0.112585	99.366898	11.234733	-0.030344
1.1000	-390.248779	-93.545494	-0.113495	99.356636	11.325129	-0.030269
1.1100	-389.255219	-93.432014	-0.114402	99.346321	11.415293	-0.030195
1.1200	-388.261780	-93.317635	-0.115308	99.335945	11.505223	-0.030120
1.1300	-387.268463	-93.202362	-0.116211	99.325516	11.594922	-0.030045
1.1400	-386.275238	-93.086189	-0.117111	99.315033	11.684388	-0.029970
1.1500	-385.282104	-92.969124	-0.118010	99.304489	11.773623	-0.029895
1.1600	-384.289093	-92.851166	-0.118906	99.293900	11.862623	-0.029820
1.1700	-383.296204	-92.732323	-0.119800	99.283249	11.951392	-0.029745
1.1800	-382.303375	-92.612595	-0.120692	99.272552	12.039927	-0.029670
1.1900	-381.310669	-92.491982	-0.121582	99.261803	12.128230	-0.029595
1.2000	-380.318085	-92.370483	-0.122469	99.251007	12.216301	-0.029521
1.2100	-379.325623	-92.248100	-0.123354	99.240150	12.304139	-0.029446
1.2200	-378.333221	-92.124840	-0.124237	99.229256	12.391744	-0.029371
1.2300	-377.340942	-92.000702	-0.125117	99.218300	12.479116	-0.029296
1.2400	-376.348785	-91.875694	-0.125996	99.207306	12.566256	-0.029221
1.2500	-375.356750	-91.749817	-0.126872	99.196259	12.653163	-0.029146
1.2600	-374.364838	-91.623070	-0.127746	99.185165	12.739837	-0.029071
1.2700	-373.373016	-91.495453	-0.128617	99.174019	12.826278	-0.028996
1.2800	-372.381287	-91.366974	-0.129486	99.162834	12.912487	-0.028921
1.2900	-371.389679	-91.237633	-0.130353	99.151604	12.998464	-0.028846
1.3000	-370.398193	-91.107430	-0.131218	99.140320	13.084207	-0.028771
1.3100	-369.406830	-90.976372	-0.132081	99.128998	13.169717	-0.028696
1.3200	-368.415588	-90.844460	-0.132941	99.117630	13.254994	-0.028621
1.3300	-367.424469	-90.711693	-0.133799	99.106224	13.340039	-0.028546
1.3400	-366.433411	-90.578079	-0.134655	99.094772	13.424851	-0.028471
1.3500	-365.442474	-90.443619	-0.135509	99.083275	13.509431	-0.028396
1.3600	-364.451660	-90.308311	-0.136360	99.071739	13.593778	-0.028321
1.3700	-363.460968	-90.172165	-0.137209	99.060158	13.677891	-0.028246
1.3800	-362.470398	-90.035179	-0.138056	99.048538	13.761772	-0.028171
1.3900	-361.479950	-89.897354	-0.138900	99.036880	13.845420	-0.028096
1.4000	-360.489624	-89.758690	-0.139743	99.025185	13.928836	-0.028021
1.4100	-359.499420	-89.619194	-0.140583	99.013451	14.012019	-0.027946
1.4200	-358.509338	-89.478867	-0.141421	99.001678	14.094969	-0.027871
1.4300	-357.519379	-89.337715	-0.142256	98.989861	14.177687	-0.027796
1.4400	-356.529510	-89.195732	-0.143090	98.978012	14.260172	-0.027721
1.4500	-355.539734	-89.052917	-0.143921	98.966133	14.342424	-0.027646
1.4600	-354.550079	-88.909294	-0.144749	98.954208	14.424444	-0.027571
1.4700	-353.560547	-88.764847	-0.145576	98.942253	14.506231	-0.027496
1.4800	-352.571136	-88.619576	-0.146400	98.930260	14.587785	-0.027421
1.4900	-351.581848	-88.473495	-0.147222	98.918236	14.669107	-0.027346
1.5000	-350.592682	-88.326599	-0.148042	98.906174	14.750196	-0.027271
1.5100	-349.603638	-88.178894	-0.148860	98.894081	14.831054	-0.027196
1.5200	-348.614716	-88.030380	-0.149675	98.881958	14.911677	-0.027121
1.5300	-347.625916	-87.881058	-0.150488	98.869804	14.992068	-0.027045
1.5400	-346.637238	-87.730942	-0.151299	98.857613	15.072227	-0.026970
1.5500	-345.648682	-87.580017	-0.152107	98.845398	15.152154	-0.026895
1.5600	-344.660248	-87.428299	-0.152914	98.833145	15.231848	-0.026820
1.5700	-343.671936	-87.275787	-0.153718	98.820869	15.311309	-0.026745
1.5800	-342.683746	-87.122482	-0.154520	98.808556	15.390538	-0.026670
1.5900	-341.695679	-86.968384	-0.155319	98.796219	15.469535	-0.026595
1.6000	-340.707733	-86.813492	-0.156116	98.783859	15.548299	-0.026520
1.6100	-339.719910	-86.657814	-0.156911	98.771461	15.626830	-0.026445
1.6200	-338.732208	-86.501350	-0.157704	98.759048	15.705129	-0.026370
1.6300	-337.744629	-86.344101	-0.158495	98.746597	15.783196	-0.026295
1.6400	-336.757172	-86.186073	-0.159283	98.734123	15.861031	-0.026219
1.6500	-335.769836	-86.027267	-0.160069	98.721626	15.938633	-0.026144
1.6600	-334.782623	-85.867683	-0.160853	98.709106	16.016003	-0.026069
1.6700	-333.795563	-85.707329	-0.161634	98.696556	16.093140	-0.025994
1.6800	-332.808655	-85.546204	-0.162414	98.683990	16.170046	-0.025919
1.6900	-331.821869	-85.384315	-0.163191	98.671394	16.246719	-0.025844
1.7000	-330.835205	-85.221657	-0.163965	98.658775	16.323160	-0.025769
1.7100	-329.848663	-85.058228	-0.164738	98.646141	16.399368	-0.025694
1.7200	-328.862244	-84.894051	-0.165508	98.633476	16.475346	-0.025618
1.7300	-327.875946	-84.729111	-0.166276	98.620796	16.551090	-0.025543
1.7400	-326.889771	-84.563408	-0.167042	98.608093	16.626604	-0.025468
1.7500	-325.903717	-84.396957	-0.167805	98.595367	16.701883	-0.025393
1.7600	-324.917786	-84.229752	-0.168566	98.582626	16.776932	-0.025318
1.7700	-323.931976	-84.061798	-0.169325	98.569870	16.851749	-0.025243
1.7800	-322.946289	-83.893097	-0.170082	98.557083	16.926332	-0.025168
1.7900	-321.960724	-83.723648	-0.170837	98.544289	17.000687	-0.025092
1.8000	-320.975342	-83.553452	-0.171589	98.531471	17.074806	-0.025017
1.8100	-319.990082	-83.382523	-0.172339	98.518639	17.148695	-0.024942
1.8200	-319.004944	-83.210846	-0.173086	98.505791	17.222353	-0.024867
1.8300	-318.019928	-83.038437	-0.173832	98.492928	17.295778	-0.024792
1.8400	-317.035034	-82.865295	-0.174575	98.480042	17.368971	-0.024717
1.8500	-316.050262	-82.691422	-0.175316	98.467148	17.441935	-0.024641
1.8600	-315.065613	-82.516815	-0.176055	98.454239	17.514666	-0.024566
1.8700	-314.081085	-82.341492	-0.176791	98.441315	17.587164	-0.024491
1.8800	-313.096680	-82.165436	-0.177525	98.428375	17.659431	-0.024416
1.8900	-312.112427	-81.988663	-0.178257	98.415421	17.731466	-0.024341
1.9000	-311.128326	-81.811172	-0.178987	98.402458	17.803270	-0.024265
1.9100	-310.144348	-81.632957	-0.179714	98.389481	17.874844	-0.024190
1.9200	-309.160492	-81.454033	-0.180439	98.376495	17.946186	-0.024115
1.9300	-308.176758	-81.274391	-0.181162	98.363495	18.017296	-0.024040
1.9400	-307.193146	-81.094040	-0.181883	98.350487	18.088173	-0.023965
1.9500	-306.209656	-80.912987	-0.182601	98.337463	18.158823	-0.023889
1.9600	-305.226288	-80.731216	-0.183317	98.324440	18.229239	-0.023814
1.9700	-304.243103	-80.548744	-0.184031	98.311401	18.299423	-0.023739
1.9800	-303.260040	-80.365570	-0.184743	98.298355	18.369379	-0.023664
1.9900	-302.277100	-80.181702	-0.185452	98.285294	18.439102	-0.023588
2.0000	-301.294281	-79.997139	-0.186159	98.272232	18.508595	-0.023513
2.0100	-300.311584	-79.811874	-0.186864	98.259163	18.577854	-0.023438
2.0200	-299.329010	-79.625923	-0.187567	98.246086	18.646883	-0.023363
2.0300	-298.346558	-79.439285	-0.188267	98.233002	18.715683	-0.023288
2.0400	-297.364288	-79.251953	-0.188965	98.219917	18.784252	-0.023212
2.0500	-296.382141	-79.063942	-0.189661	98.206825	18.852589	-0.023137
2.0600	-295.400116	-78.875244	-0.190354	98.193726	18.920696	-0.023062
2.0700	-294.418213	-78.685867	-0.191046	98.180618	18.988571	-0.022987
2.0800	-293.436432	-78.495811	-0.191735	98.167511	19.056217	-0.022911
2.0900	-292.454803	-78.305084	-0.192422	98.154404	19.123631	-0.022836
2.1000	-291.473297	-78.113678	-0.193106	98.141289	19.190813	-0.022761
2.1100	-290.491943	-77.921600	-0.193788	98.128174	19.257767	-0.022686
2.1200	-289.510712	-77.728859	-0.194468	98.115059	19.324490	-0.022610
2.1300	-288.529602	-77.535454	-0.195146	98.101936	19.390980	-0.022535
2.1400	-287.548615	-77.341385	-0.195822	98.088814	19.457243	-0.022460
2.1500	-286.567780	-77.146652	-0.196495	98.075691	19.523273	-0.022385
2.1600	-285.587067	-76.951256	-0.197166	98.062576	19.589075	-0.022309
2.1700	-284.606476	-76.755203	-0.197834	98.049454	19.654646	-0.022234
2.1800	-283.626038	-76.558495	-0.198501	98.036331	19.719988	-0.022159
2.1900	-282.645721	-76.361130	-0.199165	98.023209	19.785097	-0.022084
2.2000	-281.665527	-76.163124	-0.199827	98.010094	19.849979	-0.022008
2.2100	-280.685455	-75.964462	-0.200487	97.996979	19.914629	-0.021933
2.2200	-279.705536	-75.765160	-0.201144	97.983864	19.979050	-0.021858
2.2300	-278.725739	-75.565216	-0.201799	97.970757	20.043240	-0.021782
2.2400	-277.746063	-75.364624	-0.202452	97.957649	20.107201	-0.021707
2.2500	-276.766541	-75.163399	-0.203103	97.944542	20.170931	-0.021632
2.2600	-275.787140	-74.961533	-0.203751	97.931442	20.234432	-0.021557
2.2700	-274.807861	-74.759033	-0.204397	97.918350	20.297705	-0.021481
2.2800	-273.828735	-74.555901	-0.205041	97.905258	20.360746	-0.021406
2.2900	-272.849731	-74.352135	-0.205683	97.892174	20.423559	-0.021331
2.3000	-271.870850	-74.147743	-0.206322	97.879097	20.486143	-0.021255
2.3100	-270.892090	-73.942726	-0.206959	97.866028	20.548496	-0.021180
2.3200	-269.913483	-73.737083	-0.207594	97.852966	20.610620	-0.021105
2.3300	-268.934998	-73.530830	-0.208227	97.839905	20.672516	-0.021030
2.3400	-267.956635	-73.323952	-0.208857	97.826859	20.734182	-0.020954
2.3500	-266.978424	-73.116463	-0.209485	97.813812	20.795618	-0.020879
2.3600	-266.000336	-72.908356	-0.210111	97.800781	20.856825	-0.020804
2.3700	-265.022369	-72.699638	-0.210734	97.787758	20.917803	-0.020728
2.3800	-264.044525	-72.490311	-0.211356	97.774742	20.978552	-0.020653
2.3900	-263.066833	-72.280373	-0.211975	97.761742	21.039074	-0.020578
2.4000	-262.089264	-72.069832	-0.212591	97.748741	21.099365	-0.020502
2.4100	-261.111816	-71.858688	-0.213206	97.735756	21.159428	-0.020427
2.4200	-260.134491	-71.646950	-0.213818	97.722786	21.219261	-0.020352
2.4300	-259.157318	-71.434616	-0.214428	97.709824	21.278866	-0.020277
2.4400	-258.180237	-71.221680	-0.215036	97.696877	21.338243	-0.020201
2.4500	-257.203308	-71.008156	-0.215641	97.683937	21.397390	-0.020126
2.4600	-256.226501	-70.794037	-0.216244	97.671013	21.456310	-0.020051
2.4700	-255.249832	-70.579323	-0.216845	97.658104	21.515001	-0.019975
2.4800	-254.273285	-70.364029	-0.217444	97.645203	21.573463	-0.019900
2.4900	-253.296890	-70.148155	-0.218041	97.632317	21.631699	-0.019825
2.5000	-252.320618	-69.931694	-0.218635	97.619446	21.689705	-0.019749
2.5100	-251.344467	-69.714653	-0.219227	97.606590	21.747482	-0.019674
2.5200	-250.368439	-69.497040	-0.219816	97.593750	21.805031	-0.019599
2.5300	-249.392532	-69.278847	-0.220404	97.580925	21.862352	-0.019523
2.5400	-248.416779	-69.060081	-0.220989	97.568123	21.919447	-0.019448
2.5500	-247.441147	-68.840752	-0.221572	97.555328	21.976313	-0.019373
2.5600	-246.465637	-68.620850	-0.222152	97.542549	22.032949	-0.019297
2.5700	-245.490250	-68.400375	-0.222731	97.529793	22.089359	-0.019222
2.5800	-244.514984	-68.179344	-0.223307	97.517052	22.145540	-0.019147
2.5900	-243.539856	-67.957756	-0.223881	97.504326	22.201496	-0.019071
2.6000	-242.564865	-67.735603	-0.224452	97.491623	22.257221	-0.018996
2.6100	-241.589996	-67.512901	-0.225021	97.478935	22.312721	-0.018921
2.6200	-240.615250	-67.289635	-0.225588	97.466263	22.367992	-0.018845
2.6300	-239.640625	-67.065819	-0.226153	97.453613	22.423037	-0.018770
2.6400	-238.666122	-66.841454	-0.226716	97.440987	22.477854	-0.018695
2.6500	-237.691757	-66.616539	-0.227276	97.428375	22.532442	-0.018619
2.6600	-236.717529	-66.391083	-0.227834	97.415794	22.586805	-0.018544
2.6700	-235.743423	-66.165085	-0.228390	97.403221	22.640940	-0.018469
2.6800	-234.769440	-65.938545	-0.228943	97.390678	22.694849	-0.018393
2.6900	-233.795563	-65.711464	-0.229494	97.378151	22.748529	-0.018318
2.7000	-232.821823	-65.483849	-0.230043	97.365646	22.801983	-0.018242
2.7100	-231.848206	-65.255692	-0.230590	97.353172	22.855207	-0.018167
2.7200	-230.874710	-65.027016	-0.231135	97.340714	22.908207	-0.018092
2.7300	-229.901337	-64.797806	-0.231677	97.328278	22.960981	-0.018016
2.7400	-228.928085	-64.568062	-0.232217	97.315865	23.013527	-0.017941
2.7500	-227.954971	-64.337799	-0.232754	97.303474	23.065847	-0.017866
2.7600	-226.981979	-64.107018	-0.233290	97.291115	23.117941	-0.017790
2.7700	-226.009109	-63.875713	-0.233823	97.278778	23.169806	-0.017715
2.7800	-225.036377	-63.643890	-0.234354	97.266464	23.221447	-0.017640
2.7900	-224.063766	-63.411549	-0.234882	97.254173	23.272860	-0.017564
2.8000	-223.091278	-63.178696	-0.235409	97.241905	23.324047	-0.017489
2.8100	-222.118912	-62.945332	-0.235933	97.229668	23.375010	-0.017414
2.8200	-221.146667	-62.711456	-0.236455	97.217461	23.425743	-0.017338
2.8300	-220.174545	-62.477074	-0.236974	97.205276	23.476252	-0.017263
2.8400	-219.202545	-62.242188	-0.237492	97.193115	23.526535	-0.017187
2.8500	-218.230667	-62.006798	-0.238007	97.180984	23.576590	-0.017112
2.8600	-217.258911	-61.770912	-0.238519	97.168884	23.626421	-0.017037
2.8700	-216.287262	-61.534527	-0.239030	97.156807	23.676025	-0.016961
2.8800	-215.315735	-61.297646	-0.239538	97.144768	23.725403	-0.016886
2.8900	-214.344330	-61.060272	-0.240044	97.132744	23.774557	-0.016811
2.9000	-213.373047	-60.822407	-0.240548	97.120758	23.823484	-0.016735
2.9100	-212.401871	-60.584053	-0.241049	97.108795	23.872185	-0.016660
2.9200	-211.430817	-60.345211	-0.241549	97.096870	23.920662	-0.016584
2.9300	-210.459885	-60.105888	-0.242046	97.084969	23.968910	-0.016509
2.9400	-209.489075	-59.866081	-0.242540	97.073097	24.016935	-0.016434
2.9500	-208.518372	-59.625793	-0.243033	97.061264	24.064737	-0.016358
2.9600	-207.547806	-59.385029	-0.243523	97.049454	24.112310	-0.016283
2.9700	-206.577362	-59.143791	-0.244011	97.037674	24.159660	-0.016208
2.9800	-205.607025	-58.902077	-0.244497	97.025932	24.206785	-0.016132
2.9900	-204.636810	-58.659897	-0.244980	97.014221	24.253685	-0.016057
3.0000	-203.666702	-58.417244	-0.245461	97.002541	24.300358	-0.015981
3.0100	-202.696716	-58.174126	-0.245940	96.990891	24.346806	-0.015906
3.0200	-201.726852	-57.930546	-0.246417	96.979279	24.393030	-0.015831
3.0300	-200.757111	-57.686504	-0.246891	96.967697	24.439030	-0.015755
3.0400	-199.787476	-57.442001	-0.247363	96.956146	24.484804	-0.015680
3.0500	-198.817947	-57.197041	-0.247833	96.944633	24.530354	-0.015604
3.0600	-197.848541	-56.951630	-0.248300	96.933151	24.575680	-0.015529
3.0700	-196.879257	-56.705761	-0.248766	96.921707	24.620781	-0.015454
3.0800	-195.910080	-56.459442	-0.249229	96.910294	24.665657	-0.015378
3.0900	-194.941010	-56.212677	-0.249689	96.898918	24.710308	-0.015303
3.1000	-193.972061	-55.965466	-0.250148	96.887581	24.754736	-0.015227
3.1100	-193.003235	-55.717808	-0.250604	96.876274	24.798937	-0.015152
3.1200	-192.034515	-55.469711	-0.251058	96.865005	24.842915	-0.015077
3.1300	-191.065903	-55.221176	-0.251510	96.853775	24.886667	-0.015001
3.1400	-190.097412	-54.972206	-0.251959	96.842583	24.930195	-0.014926
3.1500	-189.129028	-54.722797	-0.252407	96.831421	24.973499	-0.014851
3.1600	-188.160751	-54.472958	-0.252852	96.820297	25.016582	-0.014775
3.1700	-187.192596	-54.222687	-0.253294	96.809219	25.059441	-0.014700
3.1800	-186.224548	-53.971989	-0.253735	96.798172	25.102074	-0.014624
3.1900	-185.256607	-53.720863	-0.254173	96.787163	25.144487	-0.014549
3.2000	-184.288773	-53.469318	-0.254609	96.776192	25.186676	-0.014474
3.2100	-183.321030	-53.217346	-0.255042	96.765259	25.228642	-0.014398
3.2200	-182.353424	-52.964958	-0.255474	96.754372	25.270382	-0.014323
3.2300	-181.385925	-52.712154	-0.255903	96.743515	25.311899	-0.014247
3.2400	-180.418533	-52.458935	-0.256330	96.732704	25.353193	-0.014172
3.2500	-179.451248	-52.205303	-0.256754	96.721931	25.394262	-0.014097
3.2600	-178.484070	-51.951260	-0.257177	96.711197	25.435108	-0.014021
3.2700	-177.516998	-51.696812	-0.257597	96.700500	25.475731	-0.013946
3.2800	-176.550034	-51.441956	-0.258015	96.689850	25.516130	-0.013870
3.2900	-175.583176	-51.186699	-0.258430	96.679237	25.556307	-0.013795
3.3000	-174.616425	-50.931038	-0.258843	96.668671	25.596258	-0.013720
3.3100	-173.649780	-50.674976	-0.259254	96.658142	25.635988	-0.013644
3.3200	-172.683243	-50.418518	-0.259663	96.647652	25.675493	-0.013569
3.3300	-171.716797	-50.161671	-0.260070	96.637207	25.714777	-0.013493
3.3400	-170.750458	-49.904427	-0.260474	96.626808	25.753836	-0.013418
3.3500	-169.784225	-49.646793	-0.260876	96.616447	25.792673	-0.013343
3.3600	-168.818100	-49.388775	-0.261275	96.606133	25.831289	-0.013267
3.3700	-167.852081	-49.130367	-0.261673	96.595856	25.869682	-0.013192
3.3800	-166.886154	-48.871578	-0.262068	96.585625	25.907852	-0.013116
3.3900	-165.920334	-48.612408	-0.262461	96.575439	25.945803	-0.013041
3.4000	-164.954620	-48.352856	-0.262852	96.565292	25.983532	-0.012965
3.4100	-163.988998	-48.092930	-0.263240	96.555191	26.021036	-0.012890
3.4200	-163.023483	-47.832630	-0.263626	96.545143	26.058319	-0.012815
3.4300	-162.058075	-47.571957	-0.264010	96.535126	26.095379	-0.012739
3.4400	-161.092758	-47.310913	-0.264392	96.525162	26.132217	-0.012664
3.4500	-160.127548	-47.049503	-0.264771	96.515244	26.168833	-0.012588
3.4600	-159.162430	-46.787724	-0.265148	96.505371	26.205225	-0.012513
3.4700	-158.197418	-46.525581	-0.265523	96.495537	26.241396	-0.012438
3.4800	-157.232498	-46.263081	-0.265896	96.485756	26.277346	-0.012362
3.4900	-156.267685	-46.000221	-0.266266	96.476021	26.313070	-0.012287
3.5000	-155.302963	-45.737003	-0.266634	96.466331	26.348576	-0.012211
3.5100	-154.338333	-45.473431	-0.267000	96.456688	26.383858	-0.012136
3.5200	-153.373795	-45.209507	-0.267363	96.447090	26.418917	-0.012060
3.5300	-152.409363	-44.945232	-0.267724	96.437538	26.453756	-0.011985
3.5400	-151.445023	-44.680614	-0.268083	96.428040	26.488373	-0.011910
3.5500	-150.480774	-44.415646	-0.268440	96.418579	26.522766	-0.011834
3.5600	-149.516632	-44.150337	-0.268794	96.409172	26.556940	-0.011759
3.5700	-148.552582	-43.884686	-0.269147	96.399818	26.590891	-0.011683
3.5800	-147.588623	-43.618698	-0.269497	96.390503	26.624620	-0.011608
3.5900	-146.624756	-43.352371	-0.269844	96.381241	26.658131	-0.011533
3.6000	-145.660980	-43.085712	-0.270190	96.372032	26.691420	-0.011457
3.6100	-144.697296	-42.818718	-0.270533	96.362862	26.724489	-0.011382
3.6200	-143.733704	-42.551395	-0.270874	96.353752	26.757338	-0.011306
3.6300	-142.770203	-42.283745	-0.271212	96.344681	26.789967	-0.011231
3.6400	-141.806793	-42.015766	-0.271549	96.335663	26.822372	-0.011156
3.6500	-140.843475	-41.747463	-0.271883	96.326698	26.854559	-0.011080
3.6600	-139.880249	-41.478840	-0.272215	96.317780	26.886522	-0.011005
3.6700	-138.917114	-41.209896	-0.272544	96.308914	26.918266	-0.010929
3.6800	-137.954056	-40.940639	-0.272872	96.300095	26.949789	-0.010854
3.6900	-136.991089	-40.671066	-0.273197	96.291336	26.981089	-0.010778
3.7000	-136.028198	-40.401180	-0.273519	96.282616	27.012171	-0.010703
3.7100	-135.065399	-40.130985	-0.273840	96.273956	27.043030	-0.010628
3.7200	-134.102676	-39.860477	-0.274158	96.265343	27.073668	-0.010552
3.7300	-133.140060	-39.589668	-0.274474	96.256783	27.104086	-0.010477
3.7400	-132.177536	-39.318554	-0.274788	96.248276	27.134283	-0.010401
3.7500	-131.215088	-39.047142	-0.275099	96.239822	27.164259	-0.010326
3.7600	-130.252716	-38.775429	-0.275409	96.231415	27.194016	-0.010251
3.7700	-129.290436	-38.503418	-0.275716	96.223068	27.223551	-0.010175
3.7800	-128.328247	-38.231113	-0.276020	96.214767	27.252867	-0.010100
3.7900	-127.366135	-37.958515	-0.276323	96.206520	27.281961	-0.010024
3.8000	-126.404099	-37.685627	-0.276623	96.198326	27.310835	-0.009949
3.8100	-125.442146	-37.412449	-0.276921	96.190186	27.339489	-0.009873
3.8200	-124.480278	-37.138988	-0.277216	96.182106	27.367922	-0.009798
3.8300	-123.518486	-36.865242	-0.277510	96.174072	27.396137	-0.009723
3.8400	-122.556778	-36.591213	-0.277801	96.166092	27.424133	-0.009647
3.8500	-121.595154	-36.316906	-0.278090	96.158165	27.451912	-0.009572
3.8600	-120.633606	-36.042320	-0.278376	96.150291	27.479471	-0.009496
3.8700	-119.672134	-35.767460	-0.278661	96.142471	27.506809	-0.009421
3.8800	-118.710739	-35.492325	-0.278943	96.134712	27.533928	-0.009345
3.8900	-117.749420	-35.216923	-0.279222	96.127007	27.560827	-0.009270
3.9000	-116.788177	-34.941250	-0.279500	96.119347	27.587507	-0.009195
3.9100	-115.827011	-34.665314	-0.279775	96.111755	27.613966	-0.009119
3.9200	-114.865921	-34.389111	-0.280048	96.104210	27.640205	-0.009044
3.9300	-113.904907	-34.112644	-0.280319	96.096725	27.666225	-0.008968
3.9400	-112.943970	-33.835918	-0.280588	96.089294	27.692024	-0.008893
3.9500	-111.983109	-33.558941	-0.280854	96.081917	27.717606	-0.008818
3.9600	-111.022324	-33.281704	-0.281118	96.074593	27.742966	-0.008742
3.9700	-110.061600	-33.004211	-0.281379	96.067329	27.768106	-0.008667
3.9800	-109.100952	-32.726471	-0.281639	96.060127	27.793028	-0.008591
3.9900	-108.140381	-32.448483	-0.281896	96.052971	27.817730	-0.008516
4.0000	-107.179886	-32.170250	-0.282151	96.045883	27.842215	-0.008440
4.0100	-106.219475	-31.891779	-0.282404	96.038841	27.866478	-0.008365
4.0200	-105.259102	-31.613054	-0.282654	96.031860	27.890522	-0.008290
4.0300	-104.298836	-31.334101	-0.282902	96.024940	27.914347	-0.008214
4.0400	-103.338600	-31.054897	-0.283148	96.018074	27.937952	-0.008139
4.0500	-102.378471	-30.775469	-0.283391	96.011269	27.961340	-0.008063
4.0600	-101.418373	-30.495798	-0.283633	96.004517	27.984507	-0.007988
4.0700	-100.458374	-30.215904	-0.283872	95.997826	28.007458	-0.007913
4.0800	-99.498413	-29.935772	-0.284109	95.991188	28.030193	-0.007837
4.0900	-98.538551	-29.655424	-0.284343	95.984612	28.052708	-0.007762
4.1000	-97.578728	-29.374842	-0.284575	95.978088	28.075005	-0.007686
4.1100	-96.618965	-29.094036	-0.284806	95.971634	28.097082	-0.007611
4.1200	-95.659302	-28.813021	-0.285033	95.965233	28.118940	-0.007535
4.1300	-94.699661	-28.531776	-0.285259	95.958885	28.140581	-0.007460
4.1400	-93.740120	-28.250326	-0.285482	95.952599	28.161999	-0.007385
4.1500	-92.780617	-27.968653	-0.285703	95.946373	28.183203	-0.007309
4.1600	-91.821205	-27.686777	-0.285922	95.940208	28.204187	-0.007234
4.1700	-90.861824	-27.404682	-0.286138	95.934105	28.224953	-0.007158
4.1800	-89.902534	-27.122391	-0.286352	95.928055	28.245501	-0.007083
4.1900	-88.943275	-26.839884	-0.286564	95.922066	28.265829	-0.007007
4.2000	-87.984108	-26.557186	-0.286774	95.916138	28.285940	-0.006932
4.2100	-87.024956	-26.274277	-0.286981	95.910271	28.305832	-0.006856
4.2200	-86.065903	-25.991179	-0.287186	95.904465	28.325504	-0.006781
4.2300	-85.106873	-25.707874	-0.287389	95.898712	28.344961	-0.006706
4.2400	-84.147934	-25.424385	-0.287590	95.893028	28.364197	-0.006630
4.2500	-83.189018	-25.140696	-0.287788	95.887398	28.383215	-0.006555
4.2600	-82.230194	-24.856827	-0.287984	95.881828	28.402016	-0.006479
4.2700	-81.271393	-24.572760	-0.288178	95.876328	28.420597	-0.006404
4.2800	-80.312675	-24.288517	-0.288370	95.870880	28.438961	-0.006328
4.2900	-79.353981	-24.004082	-0.288559	95.865494	28.457106	-0.006253
4.3000	-78.395378	-23.719475	-0.288746	95.860168	28.475033	-0.006178
4.3100	-77.436790	-23.434679	-0.288931	95.854912	28.492743	-0.006102
4.3200	-76.478294	-23.149717	-0.289113	95.849709	28.510233	-0.006027
4.3300	-75.519814	-22.864571	-0.289293	95.844566	28.527506	-0.005951
4.3400	-74.561417	-22.579264	-0.289471	95.839493	28.544561	-0.005876
4.3500	-73.603035	-22.293776	-0.289647	95.834473	28.561399	-0.005801
4.3600	-72.644707	-22.008120	-0.289820	95.829521	28.578020	-0.005725
4.3700	-71.686455	-21.722307	-0.289992	95.824623	28.594425	-0.005650
4.3800	-70.728218	-21.436321	-0.290161	95.819794	28.610615	-0.005574
4.3900	-69.770073	-21.150185	-0.290327	95.815025	28.626583	-0.005499
4.4000	-68.811935	-20.863878	-0.290492	95.810318	28.642336	-0.005423
4.4100	-67.853882	-20.577427	-0.290654	95.805672	28.657869	-0.005348
4.4200	-66.895836	-20.290810	-0.290814	95.801086	28.673187	-0.005272
4.4300	-65.937874	-20.004051	-0.290971	95.796570	28.688284	-0.005197
4.4400	-64.979919	-19.717131	-0.291127	95.792107	28.703167	-0.005121
4.4500	-64.022049	-19.430073	-0.291280	95.787712	28.717831	-0.005046
4.4600	-63.064182	-19.142859	-0.291431	95.783379	28.732279	-0.004971
4.4700	-62.106396	-18.855511	-0.291579	95.779114	28.746508	-0.004895
4.4800	-61.148613	-18.568010	-0.291725	95.774902	28.760521	-0.004820
4.4900	-60.190910	-18.280380	-0.291869	95.770760	28.774315	-0.004744
4.5000	-59.233212	-17.992603	-0.292011	95.766678	28.787893	-0.004669
4.5100	-58.275589	-17.704700	-0.292151	95.762665	28.801252	-0.004593
4.5200	-57.317974	-17.416655	-0.292288	95.758713	28.814394	-0.004518
4.5300	-56.360432	-17.128489	-0.292423	95.754822	28.827318	-0.004443
4.5400	-55.402893	-16.840183	-0.292556	95.750992	28.840027	-0.004367
4.5500	-54.445427	-16.551764	-0.292686	95.747231	28.852516	-0.004292
4.5600	-53.487965	-16.263208	-0.292814	95.743530	28.864788	-0.004216
4.5700	-52.530575	-15.974542	-0.292940	95.739899	28.876844	-0.004141
4.5800	-51.573185	-15.685743	-0.293064	95.736328	28.888681	-0.004066
4.5900	-50.615864	-15.396837	-0.293185	95.732819	28.900303	-0.003990
4.6000	-49.658543	-15.107805	-0.293304	95.729378	28.911707	-0.003915
4.6100	-48.701260	-14.818660	-0.293421	95.725998	28.922894	-0.003840
4.6200	-47.744041	-14.529414	-0.293536	95.722679	28.933861	-0.003764
4.6300	-46.786823	-14.240048	-0.293648	95.719429	28.944620	-0.003689
4.6400	-45.829674	-13.950586	-0.293758	95.716240	28.955156	-0.003613
4.6500	-44.872520	-13.661009	-0.293866	95.713120	28.965481	-0.003538
4.6600	-43.915432	-13.371339	-0.293972	95.710060	28.975584	-0.003462
4.6700	-42.958340	-13.081558	-0.294075	95.707062	28.985472	-0.003387
4.6800	-42.001312	-12.791690	-0.294176	95.704132	28.995144	-0.003311
4.6900	-41.044281	-12.501715	-0.294275	95.701271	29.004599	-0.003236
4.7000	-40.087307	-12.211656	-0.294371	95.698471	29.013838	-0.003160
4.7100	-39.130329	-11.921494	-0.294466	95.695732	29.022858	-0.003085
4.7200	-38.173416	-11.631254	-0.294558	95.693062	29.031662	-0.003009
4.7300	-37.216492	-11.340916	-0.294647	95.690460	29.040249	-0.002934
4.7400	-36.259628	-11.050502	-0.294735	95.687920	29.048618	-0.002859
4.7500	-35.302757	-10.759995	-0.294820	95.685440	29.056772	-0.002783
4.7600	-34.345943	-10.469419	-0.294903	95.683029	29.064707	-0.002708
4.7700	-33.389118	-10.178752	-0.294984	95.680687	29.072428	-0.002632
4.7800	-32.432350	-9.888020	-0.295062	95.678406	29.079929	-0.002557
4.7900	-31.475573	-9.597201	-0.295138	95.676193	29.087214	-0.002481
4.8000	-30.518852	-9.306322	-0.295212	95.674042	29.094282	-0.002406
4.8100	-29.562117	-9.015362	-0.295284	95.671959	29.101135	-0.002331
4.8200	-28.605438	-8.724344	-0.295353	95.669945	29.107769	-0.002255
4.8300	-27.648745	-8.433250	-0.295420	95.667992	29.114187	-0.002180
4.8400	-26.692104	-8.142103	-0.295485	95.666100	29.120388	-0.002104
4.8500	-25.735447	-7.850884	-0.295548	95.664276	29.126373	-0.002029
4.8600	-24.778843	-7.559617	-0.295608	95.662521	29.132141	-0.001954
4.8700	-23.822222	-7.268281	-0.295666	95.660835	29.137691	-0.001879
4.8800	-22.865618	-6.976891	-0.295722	95.659210	29.143028	-0.001803
4.8900	-21.909063	-6.685458	-0.295775	95.657646	29.148148	-0.001728
4.9000	-20.952490	-6.393964	-0.295826	95.656151	29.153055	-0.001652
4.9100	-19.995966	-6.102432	-0.295876	95.654724	29.157743	-0.001577
4.9200	-19.039423	-5.810843	-0.295922	95.653358	29.162216	-0.001501
4.9300	-18.082926	-5.519221	-0.295967	95.652061	29.166473	-0.001426
4.9400	-17.126408	-5.227546	-0.296009	95.650833	29.170511	-0.001351
4.9500	-16.169937	-4.935842	-0.296049	95.649666	29.174335	-0.001275
4.9600	-15.213443	-4.644089	-0.296087	95.648567	29.177940	-0.001200
4.9700	-14.256994	-4.352312	-0.296122	95.647530	29.181330	-0.001124
4.9800	-13.300522	-4.060491	-0.296155	95.646561	29.184502	-0.001049
4.9900	-12.344093	-3.768649	-0.296186	95.645660	29.187458	-0.000974
5.0000	-11.387639	-3.476767	-0.296215	95.644821	29.190197	-0.000898
5.0100	-10.431228	-3.184869	-0.296241	95.644051	29.192720	-0.000823
5.0200	-9.474790	-2.892936	-0.296265	95.643349	29.195026	-0.000748
5.0300	-8.518392	-2.600991	-0.296287	95.642715	29.197115	-0.000673
5.0400	-7.561966	-2.309015	-0.296307	95.642136	29.198994	-0.000598
5.0500	-6.605581	-2.017032	-0.296324	95.641632	29.200655	-0.000522
5.0600	-5.649166	-1.725021	-0.296339	95.641190	29.202101	-0.000447
5.0700	-4.692790	-1.433008	-0.296352	95.640816	29.203329	-0.000372
5.0800	-3.736382	-1.140972	-0.296363	95.640503	29.204342	-0.000297
5.0900	-2.780012	-0.848937	-0.296371	95.640259	29.205143	-0.000223
5.1000	-1.823610	-0.556884	-0.296377	95.640083	29.205729	-0.000152
5.1100	-0.867244	-0.264836	-0.296381	95.639961	29.206114	-0.000086
5.1200	0.089155	0.027226	-0.296384	95.639877	29.206402	-0.004143
