0.0000	0.000000	0.000000
0.0100	-0.000247	-0.096607
0.0200	-0.001438	-0.184634
0.0300	-0.003489	-0.264472
0.0400	-0.006319	-0.336507
0.0500	-0.009850	-0.401125
0.0600	-0.014009	-0.458705
0.0700	-0.018728	-0.509624
0.0800	-0.023940	-0.554250
0.0850	-0.026711	-0.574316
0.0950	-0.032547	-0.610181
0.1050	-0.038728	-0.640643
0.1150	-0.045201	-0.666044
0.1250	-0.051916	-0.686717
0.1350	-0.058827	-0.702983
0.1450	-0.065889	-0.715154
0.1600	-0.076682	-0.726386
0.1700	-0.083956	-0.729610
0.1800	-0.091254	-0.729744
0.1900	-0.098546	-0.727049
0.2000	-0.105805	-0.721777
0.2100	-0.113005	-0.714166
0.2200	-0.120124	-0.704445
0.2300	-0.127141	-0.692830
0.2400	-0.134037	-0.679527
0.2500	-0.140796	-0.664731
0.2600	-0.147404	-0.648626
0.2700	-0.153847	-0.631385
0.2800	-0.160116	-0.613170
0.2900	-0.166201	-0.594136
0.3000	-0.172093	-0.574426
0.3100	-0.177787	-0.554171
0.3200	-0.183278	-0.533499
0.3300	-0.188560	-0.512522
0.3400	-0.193633	-0.491349
0.3500	-0.198493	-0.470077
0.3600	-0.203141	-0.448798
0.3700	-0.207575	-0.427594
0.3800	-0.211799	-0.406540
0.3900	-0.215812	-0.385705
0.4000	-0.219617	-0.365151
0.4100	-0.223218	-0.344933
0.4200	-0.226617	-0.325101
0.4300	-0.229820	-0.305699
0.4400	-0.232829	-0.286764
0.4500	-0.235650	-0.268331
0.4600	-0.238288	-0.250428
0.4700	-0.240749	-0.233078
0.4800	-0.243038	-0.216303
0.4900	-0.245160	-0.200118
0.5000	-0.247122	-0.184535
0.5100	-0.248929	-0.169563
0.5200	-0.250588	-0.155208
0.5300	-0.252106	-0.141473
0.5400	-0.253487	-0.128359
0.5500	-0.254739	-0.115864
0.5600	-0.255868	-0.103982
0.5700	-0.256879	-0.092709
0.5800	-0.257779	-0.082035
0.5900	-0.258574	-0.071951
0.6000	-0.259269	-0.062446
0.6100	-0.259871	-0.053507
0.6200	-0.260385	-0.045121
0.6300	-0.260816	-0.037273
0.6400	-0.261170	-0.029947
0.6500	-0.261452	-0.023129
0.6600	-0.261667	-0.016800
0.6700	-0.261821	-0.010944
0.6800	-0.261916	-0.005543
0.6900	-0.261959	-0.000580
0.7000	-0.261953	0.003964
0.7100	-0.261903	0.008107
0.7200	-0.261812	0.011867
0.7300	-0.261685	0.015261
0.7400	-0.261524	0.018308
0.7500	-0.261334	0.021026
0.7600	-0.261118	0.023432
0.7700	-0.260878	0.025543
0.7800	-0.260618	0.027376
0.7900	-0.260340	0.028947
0.8000	-0.260047	0.030274
0.8100	-0.259741	0.031370
0.8200	-0.259425	0.032253
0.8300	-0.259101	0.032936
0.8400	-0.258770	0.033434
0.8500	-0.258435	0.033761
0.8600	-0.258097	0.033929
0.8700	-0.257758	0.033952
0.8800	-0.257418	0.033843
0.8900	-0.257080	0.033611
0.9000	-0.256745	0.033270
0.9100	-0.256413	0.032829
0.9200	-0.256086	0.032299
0.9300	-0.255765	0.031690
0.9400	-0.255450	0.031010
0.9500	-0.255141	0.030267
0.9600	-0.254841	0.029471
0.9700	-0.254548	0.028629
0.9800	-0.254264	0.027748
0.9900	-0.253989	0.026835
1.0000	-0.253723	0.025896
1.0100	-0.253466	0.024936
1.0200	-0.253219	0.023962
1.0300	-0.252982	0.022978
1.0400	-0.252755	0.021988
1.0500	-0.252537	0.020998
1.0600	-0.252330	0.020011
1.0700	-0.252132	0.019031
1.0800	-0.251944	0.018060
1.0900	-0.251766	0.017103
1.1000	-0.251597	0.016160
1.1100	-0.251438	0.015235
1.1200	-0.251288	0.014330
1.1300	-0.251147	0.013447
1.1400	-0.251015	0.012586
1.1500	-0.250891	0.011750
1.1600	-0.250775	0.010940
1.1700	-0.250668	0.010156
1.1800	-0.250568	0.009400
1.1900	-0.250476	0.008672
1.2000	-0.250391	0.007972
1.2100	-0.250313	0.007301
1.2200	-0.250242	0.006658
1.2300	-0.250177	0.006045
1.2400	-0.250118	0.005460
1.2500	-0.250065	0.004904
1.2600	-0.250017	0.004376
1.2700	-0.249974	0.003876
1.2800	-0.249937	0.003403
1.2900	-0.249904	0.002958
1.3000	-0.249876	0.002539
1.3100	-0.249851	0.002146
1.3200	-0.249831	0.001778
1.3300	-0.249814	0.001434
1.3400	-0.249800	0.001114
1.3500	-0.249790	0.000817
1.3600	-0.249782	0.000542
1.3700	-0.249778	0.000288
1.3800	-0.249775	0.000054
1.3900	-0.249775	-0.000159
1.4000	-0.249777	-0.000354
1.4100	-0.249781	-0.000531
1.4200	-0.249787	-0.000691
1.4300	-0.249794	-0.000835
1.4400	-0.249803	-0.000963
1.4500	-0.249813	-0.001077
1.4600	-0.249824	-0.001177
1.4700	-0.249836	-0.001264
1.4800	-0.249849	-0.001338
1.4900	-0.249862	-0.001401
1.5000	-0.249876	-0.001453
1.5100	-0.249891	-0.001496
1.5200	-0.249906	-0.001529
1.5300	-0.249922	-0.001553
1.5400	-0.249937	-0.001569
1.5500	-0.249953	-0.001578
1.5600	-0.249969	-0.001580
1.5700	-0.249984	-0.001575
1.5800	-0.250000	-0.001565
1.5900	-0.250016	-0.001550
1.6000	-0.250031	-0.001530
1.6100	-0.250046	-0.001506
1.6200	-0.250061	-0.001478
1.6300	-0.250076	-0.001447
1.6400	-0.250091	-0.001412
1.6500	-0.250105	-0.001376
1.6600	-0.250118	-0.001337
1.6700	-0.250131	-0.001296
1.6800	-0.250144	-0.001254
1.6900	-0.250157	-0.001210
1.7000	-0.250169	-0.001165
1.7100	-0.250180	-0.001120
1.7200	-0.250191	-0.001075
1.7300	-0.250202	-0.001029
1.7400	-0.250212	-0.000982
1.7500	-0.250222	-0.000937
1.7600	-0.250231	-0.000891
1.7700	-0.250240	-0.000846
1.7800	-0.250248	-0.000801
1.7900	-0.250256	-0.000757
1.8000	-0.250264	-0.000714
1.8100	-0.250271	-0.000672
1.8200	-0.250277	-0.000630
1.8300	-0.250283	-0.000590
1.8400	-0.250289	-0.000551
1.8500	-0.250295	-0.000513
1.8600	-0.250300	-0.000477
1.8700	-0.250304	-0.000442
1.8800	-0.250309	-0.000408
1.8900	-0.250313	-0.000375
1.9000	-0.250316	-0.000343
1.9100	-0.250320	-0.000313
1.9200	-0.250323	-0.000285
1.9300	-0.250326	-0.000257
1.9400	-0.250328	-0.000231
1.9500	-0.250330	-0.000207
1.9600	-0.250332	-0.000183
1.9700	-0.250334	-0.000161
1.9800	-0.250336	-0.000140
1.9900	-0.250337	-0.000120
2.0000	-0.250338	-0.000102
2.0100	-0.250339	-0.000085
2.0200	-0.250340	-0.000069
2.0300	-0.250341	-0.000054
2.0400	-0.250341	-0.000040
2.0500	-0.250342	-0.000027
2.0600	-0.250342	-0.000015
2.0700	-0.250342	-0.000004
2.0750	-0.250342	0.000001
2.0850	-0.250342	0.000011
2.0950	-0.250342	0.000020
2.1050	-0.250342	0.000028
2.1150	-0.250341	0.000035
2.1250	-0.250341	0.000041
2.1350	-0.250340	0.000047
2.1450	-0.250340	0.000052
2.1550	-0.250339	0.000057
2.1650	-0.250339	0.000060
2.1750	-0.250338	0.000064
2.1850	-0.250338	0.000066
2.1950	-0.250337	0.000069
2.2050	-0.250336	0.000070
2.2150	-0.250336	0.000072
2.2250	-0.250335	0.000073
2.2350	-0.250334	0.000073
2.2450	-0.250333	0.000074
2.2550	-0.250333	0.000074
2.2650	-0.250332	0.000073
2.2750	-0.250331	0.000073
2.2850	-0.250331	0.000072
2.2950	-0.250330	0.000071
2.3050	-0.250329	0.000070
2.3150	-0.250328	0.000069
2.3250	-0.250328	0.000067
2.3350	-0.250327	0.000065
2.3450	-0.250326	0.000064
2.3550	-0.250326	0.000062
2.3650	-0.250325	0.000060
2.3750	-0.250325	0.000058
2.3850	-0.250324	0.000056
2.3950	-0.250323	0.000054
2.4050	-0.250323	0.000052
2.4150	-0.250322	0.000050
2.4250	-0.250322	0.000047
2.4350	-0.250321	0.000045
2.4450	-0.250321	0.000043
2.4550	-0.250321	0.000041
2.4650	-0.250320	0.000039
2.4750	-0.250320	0.000037
2.4850	-0.250319	0.000035
2.4950	-0.250319	0.000033
