0.0000	-500.000000	-100.000000	100.000000	0.000000	0.000000	-0.038462
0.0100	-498.999939	-99.999756	100.021004	0.098333	0.000000	-0.038428
0.0200	-497.999695	-99.998535	100.042015	0.196128	-0.003905	-0.038396
0.0300	-496.999207	-99.996315	100.063019	0.301539	-0.011639	-0.038349
0.0400	-495.998535	-99.993011	100.083984	0.420949	-0.021630	-0.038275
0.0500	-494.997650	-99.988472	100.104843	0.557720	-0.032511	-0.038167
0.0600	-493.996552	-99.982513	100.125549	0.712680	-0.043191	-0.038022
0.0700	-492.995239	-99.974968	100.146057	0.884707	-0.052885	-0.037844
0.0800	-491.993713	-99.965660	100.166306	1.071349	-0.061105	-0.037636
0.0900	-490.992004	-99.954460	100.186272	1.269395	-0.067627	-0.037404
0.1000	-489.990082	-99.941254	100.205948	1.475373	-0.072441	-0.037155
0.1100	-488.987976	-99.925972	100.225334	1.685941	-0.075700	-0.036896
0.1200	-487.985687	-99.908585	100.244469	1.898159	-0.077657	-0.036633
0.1300	-486.983185	-99.889076	100.263390	2.109654	-0.078620	-0.036369
0.1400	-485.980499	-99.867455	100.282135	2.318696	-0.078906	-0.036108
0.1500	-484.977631	-99.843750	100.300751	2.524183	-0.078812	-0.035853
0.1600	-483.974579	-99.818001	100.319267	2.725581	-0.078590	-0.035605
0.1700	-482.971344	-99.790253	100.337700	2.922823	-0.078439	-0.035363
0.1800	-481.967926	-99.760536	100.356071	3.116194	-0.078496	-0.035128
0.1900	-480.964325	-99.728897	100.374382	3.306211	-0.078844	-0.034899
0.2000	-479.960541	-99.695366	100.392624	3.493514	-0.079515	-0.034673
0.2100	-478.956573	-99.659966	100.410782	3.678775	-0.080504	-0.034450
0.2200	-477.952423	-99.622719	100.428841	3.862629	-0.081775	-0.034229
0.2300	-476.948090	-99.583641	100.446800	4.045621	-0.083278	-0.034008
0.2400	-475.943573	-99.542732	100.464630	4.228183	-0.084951	-0.033786
0.2500	-474.938873	-99.499992	100.482330	4.410622	-0.086733	-0.033564
0.2600	-473.934021	-99.455429	100.499886	4.593125	-0.088569	-0.033340
0.2700	-472.928986	-99.409042	100.517296	4.775771	-0.090413	-0.033115
0.2800	-471.923767	-99.360825	100.534561	4.958555	-0.092228	-0.032888
0.2900	-470.918365	-99.310776	100.551682	5.141409	-0.093991	-0.032659
0.3000	-469.912811	-99.258911	100.568665	5.324224	-0.095687	-0.032429
0.3100	-468.907074	-99.205215	100.585526	5.506873	-0.097313	-0.032198
0.3200	-467.901184	-99.149689	100.602264	5.689224	-0.098870	-0.031966
0.3300	-466.895111	-99.092346	100.618881	5.871156	-0.100368	-0.031734
0.3400	-465.888885	-99.033180	100.635399	6.052566	-0.101815	-0.031501
0.3500	-464.882507	-98.972198	100.651817	6.233375	-0.103224	-0.031269
0.3600	-463.875946	-98.909416	100.668144	6.413528	-0.104606	-0.031036
0.3700	-462.869232	-98.844833	100.684387	6.592992	-0.105972	-0.030803
0.3800	-461.862366	-98.778458	100.700546	6.771755	-0.107330	-0.030570
0.3900	-460.855316	-98.710297	100.716621	6.949819	-0.108687	-0.030337
0.4000	-459.848114	-98.640350	100.732620	7.127199	-0.110047	-0.030105
0.4100	-458.840759	-98.568634	100.748543	7.303916	-0.111412	-0.029872
0.4200	-457.833221	-98.495155	100.764397	7.479993	-0.112783	-0.029639
0.4300	-456.825531	-98.419914	100.780174	7.655455	-0.114159	-0.029406
0.4400	-455.817688	-98.342926	100.795883	7.830324	-0.115538	-0.029173
0.4500	-454.809692	-98.264183	100.811523	8.004617	-0.116918	-0.028939
0.4600	-453.801544	-98.183701	100.827087	8.178348	-0.118296	-0.028706
0.4700	-452.793213	-98.101479	100.842590	8.351524	-0.119672	-0.028472
0.4800	-451.784760	-98.017532	100.858025	8.524151	-0.121042	-0.028237
0.4900	-450.776123	-97.931862	100.873390	8.696229	-0.122405	-0.028003
0.5000	-449.767365	-97.844475	100.888695	8.867756	-0.123760	-0.027768
0.5100	-448.758423	-97.755363	100.903954	9.038727	-0.125106	-0.027532
0.5200	-447.749359	-97.664543	100.919151	9.209137	-0.126443	-0.027297
0.5300	-446.740112	-97.572029	100.934303	9.378980	-0.127771	-0.027061
0.5400	-445.730743	-97.477814	100.949402	9.548250	-0.129089	-0.026825
0.5500	-444.721191	-97.381905	100.964455	9.716944	-0.130399	-0.026589
0.5600	-443.711517	-97.284317	100.979462	9.885055	-0.131701	-0.026352
0.5700	-442.701691	-97.185051	100.994431	10.052579	-0.132995	-0.026115
0.5800	-441.691711	-97.084106	101.009361	10.219516	-0.134282	-0.025878
0.5900	-440.681580	-96.981499	101.024261	10.385862	-0.135561	-0.025641
0.6000	-439.671295	-96.877228	101.039131	10.551618	-0.136834	-0.025403
0.6100	-438.660889	-96.771301	101.053970	10.716782	-0.138100	-0.025165
0.6200	-437.650299	-96.663727	101.068779	10.881353	-0.139359	-0.024927
0.6300	-436.639587	-96.554504	101.083565	11.045333	-0.140612	-0.024689
0.6400	-435.628693	-96.443642	101.098328	11.208721	-0.141859	-0.024450
0.6500	-434.617676	-96.331146	101.113075	11.371516	-0.143099	-0.024212
0.6600	-433.606506	-96.217026	101.127800	11.533720	-0.144333	-0.023973
0.6700	-432.595184	-96.101280	101.142509	11.695331	-0.145559	-0.023733
0.6800	-431.583740	-95.983925	101.157211	11.856348	-0.146779	-0.023494
0.6900	-430.572113	-95.864960	101.171906	12.016771	-0.147992	-0.023254
0.7000	-429.560364	-95.744392	101.186584	12.176601	-0.149199	-0.023013
0.7100	-428.548462	-95.622231	101.201263	12.335835	-0.150398	-0.022773
0.7200	-427.536407	-95.498482	101.215942	12.494472	-0.151590	-0.022532
0.7300	-426.524231	-95.373146	101.230621	12.652512	-0.152775	-0.022291
0.7400	-425.511871	-95.246223	101.245300	12.809953	-0.153953	-0.022050
0.7500	-424.499390	-95.117729	101.259979	12.966794	-0.155124	-0.021809
0.7600	-423.486755	-94.987671	101.274673	13.123034	-0.156287	-0.021567
0.7700	-422.473969	-94.856056	101.289375	13.278672	-0.157444	-0.021325
0.7800	-421.461060	-94.722885	101.304092	13.433707	-0.158594	-0.021082
0.7900	-420.447968	-94.588158	101.318825	13.588138	-0.159736	-0.020840
0.8000	-419.434753	-94.451889	101.333572	13.741962	-0.160872	-0.020597
0.8100	-418.421387	-94.314087	101.348335	13.895181	-0.162000	-0.020354
0.8200	-417.407867	-94.174759	101.363129	14.047792	-0.163121	-0.020110
0.8300	-416.394196	-94.033905	101.377937	14.199797	-0.164235	-0.019867
0.8400	-415.380371	-93.891525	101.392776	14.351192	-0.165343	-0.019623
0.8500	-414.366425	-93.747635	101.407646	14.501977	-0.166443	-0.019379
0.8600	-413.352295	-93.602242	101.422546	14.652151	-0.167536	-0.019134
0.8700	-412.338043	-93.455353	101.437477	14.801713	-0.168621	-0.018889
0.8800	-411.323608	-93.306969	101.452454	14.950663	-0.169700	-0.018644
0.8900	-410.309052	-93.157089	101.467461	15.098998	-0.170772	-0.018399
0.9000	-409.294342	-93.005730	101.482513	15.246719	-0.171836	-0.018153
0.9100	-408.279480	-92.852898	101.497604	15.393825	-0.172894	-0.017907
0.9200	-407.264465	-92.698593	101.512741	15.540313	-0.173944	-0.017661
0.9300	-406.249298	-92.542831	101.527931	15.686183	-0.174987	-0.017414
0.9400	-405.233978	-92.385605	101.543175	15.831435	-0.176023	-0.017168
0.9500	-404.218506	-92.226929	101.558464	15.976068	-0.177052	-0.016920
0.9600	-403.202881	-92.066811	101.573814	16.120079	-0.178073	-0.016673
0.9700	-402.187103	-91.905258	101.589218	16.263470	-0.179088	-0.016425
0.9800	-401.171173	-91.742271	101.604675	16.406239	-0.180095	-0.016177
0.9900	-400.155090	-91.577850	101.620193	16.548382	-0.181095	-0.015929
1.0000	-399.138855	-91.412010	101.635788	16.689899	-0.182087	-0.015681
1.0100	-398.122467	-91.244759	101.651443	16.830791	-0.183073	-0.015432
1.0200	-397.105896	-91.076103	101.667168	16.971058	-0.184051	-0.015183
1.0300	-396.089203	-90.906044	101.682961	17.110697	-0.185022	-0.014933
1.0400	-395.072327	-90.734589	101.698830	17.249708	-0.185986	-0.014684
1.0500	-394.055298	-90.561745	101.714775	17.388088	-0.186942	-0.014433
1.0600	-393.038116	-90.387520	101.730797	17.525839	-0.187892	-0.014183
1.0700	-392.020752	-90.211914	101.746895	17.662956	-0.188834	-0.013933
1.0800	-391.003235	-90.034943	101.763077	17.799440	-0.189768	-0.013682
1.0900	-389.985565	-89.856606	101.779343	17.935291	-0.190696	-0.013430
1.1000	-388.967712	-89.676918	101.795692	18.070509	-0.191616	-0.013179
1.1100	-387.949707	-89.495872	101.812134	18.205090	-0.192529	-0.012927
1.1200	-386.931549	-89.313484	101.828667	18.339033	-0.193434	-0.012675
1.1300	-385.913208	-89.129761	101.845291	18.472338	-0.194332	-0.012422
1.1400	-384.894714	-88.944702	101.862007	18.605005	-0.195223	-0.012170
1.1500	-383.876068	-88.758324	101.878822	18.737032	-0.196107	-0.011916
1.1600	-382.857239	-88.570618	101.895737	18.868418	-0.196983	-0.011663
1.1700	-381.838226	-88.381599	101.912750	18.999161	-0.197852	-0.011409
1.1800	-380.819061	-88.191284	101.929871	19.129261	-0.198713	-0.011155
1.1900	-379.799713	-87.999664	101.947098	19.258715	-0.199567	-0.010901
1.2000	-378.780212	-87.806755	101.964432	19.387524	-0.200414	-0.010646
1.2100	-377.760529	-87.612556	101.981873	19.515686	-0.201253	-0.010391
1.2200	-376.740662	-87.417076	101.999428	19.643202	-0.202085	-0.010136
1.2300	-375.720612	-87.220329	102.017097	19.770069	-0.202909	-0.009880
1.2400	-374.700409	-87.022308	102.034882	19.896284	-0.203726	-0.009624
1.2500	-373.680023	-86.823036	102.052780	20.021849	-0.204536	-0.009368
1.2600	-372.659454	-86.622498	102.070801	20.146761	-0.205338	-0.009112
1.2700	-371.638702	-86.420723	102.088943	20.271021	-0.206133	-0.008855
1.2800	-370.617767	-86.217705	102.107208	20.394625	-0.206920	-0.008597
1.2900	-369.596649	-86.013451	102.125595	20.517572	-0.207700	-0.008340
1.3000	-368.575348	-85.807968	102.144119	20.639864	-0.208473	-0.008082
1.3100	-367.553864	-85.601265	102.162766	20.761497	-0.209238	-0.007824
1.3200	-366.532196	-85.393349	102.181549	20.882473	-0.209995	-0.007565
1.3300	-365.510345	-85.184219	102.200470	21.002787	-0.210745	-0.007306
1.3400	-364.488281	-84.973892	102.219521	21.122440	-0.211488	-0.007047
1.3500	-363.466034	-84.762367	102.238708	21.241430	-0.212223	-0.006788
1.3600	-362.443604	-84.549652	102.258041	21.359756	-0.212950	-0.006528
1.3700	-361.420959	-84.335762	102.277519	21.477419	-0.213670	-0.006267
1.3800	-360.398132	-84.120697	102.297134	21.594414	-0.214382	-0.006007
1.3900	-359.375122	-83.904465	102.316902	21.710741	-0.215087	-0.005746
1.4000	-358.351898	-83.687073	102.336807	21.826401	-0.215785	-0.005485
1.4100	-357.328461	-83.468521	102.356865	21.941391	-0.216474	-0.005223
1.4200	-356.304840	-83.248817	102.377075	22.055710	-0.217156	-0.004961
1.4300	-355.281036	-83.027977	102.397438	22.169357	-0.217831	-0.004699
1.4400	-354.257019	-82.806000	102.417953	22.282330	-0.218498	-0.004436
1.4500	-353.232788	-82.582893	102.438629	22.394627	-0.219158	-0.004173
1.4600	-352.208344	-82.358665	102.459465	22.506248	-0.219809	-0.003910
1.4700	-351.183685	-82.133324	102.480461	22.617193	-0.220454	-0.003646
1.4800	-350.158844	-81.906876	102.501617	22.727459	-0.221090	-0.003382
1.4900	-349.133759	-81.679321	102.522942	22.837046	-0.221719	-0.003118
1.5000	-348.108490	-81.450684	102.544434	22.945950	-0.222341	-0.002853
1.5100	-347.082977	-81.220955	102.566093	23.054173	-0.222954	-0.002588
1.5200	-346.057281	-80.990143	102.587921	23.161711	-0.223560	-0.002322
1.5300	-345.031342	-80.758263	102.609924	23.268564	-0.224159	-0.002056
1.5400	-344.005188	-80.525314	102.632095	23.374731	-0.224750	-0.001790
1.5500	-342.978821	-80.291306	102.654442	23.480211	-0.225333	-0.001524
1.5600	-341.952209	-80.056244	102.676964	23.585001	-0.225908	-0.001257
1.5700	-340.925385	-79.820129	102.699669	23.689102	-0.226476	-0.000989
1.5800	-339.898346	-79.582977	102.722557	23.792511	-0.227036	-0.000722
1.5900	-338.871063	-79.344795	102.745628	23.895227	-0.227588	-0.000453
1.6000	-337.843536	-79.105591	102.768883	23.997250	-0.228132	-0.000185
1.6100	-336.815765	-78.865364	102.792320	24.098574	-0.228669	0.000084
1.6200	-335.787811	-78.624130	102.815941	24.199202	-0.229198	0.000353
1.6300	-334.759613	-78.381889	102.839752	24.299131	-0.229719	0.000623
1.6400	-333.731171	-78.138649	102.863754	24.398359	-0.230233	0.000893
1.6500	-332.702484	-77.894417	102.887947	24.496887	-0.230738	0.001163
1.6600	-331.673553	-77.649208	102.912331	24.594711	-0.231236	0.001434
1.6700	-330.644379	-77.403023	102.936913	24.691832	-0.231727	0.001705
1.6800	-329.614960	-77.155861	102.961693	24.788246	-0.232209	0.001976
1.6900	-328.585297	-76.907738	102.986671	24.883955	-0.232683	0.002248
1.7000	-327.555389	-76.658661	103.011848	24.978954	-0.233150	0.002520
1.7100	-326.525208	-76.408638	103.037231	25.073244	-0.233609	0.002793
1.7200	-325.494751	-76.157669	103.062813	25.166821	-0.234060	0.003066
1.7300	-324.464050	-75.905769	103.088600	25.259686	-0.234503	0.003340
1.7400	-323.433105	-75.652946	103.114594	25.351835	-0.234939	0.003614
1.7500	-322.401917	-75.399193	103.140800	25.443270	-0.235366	0.003888
1.7600	-321.370422	-75.144531	103.167213	25.533985	-0.235786	0.004163
1.7700	-320.338684	-74.888962	103.193832	25.623981	-0.236197	0.004438
1.7800	-319.306702	-74.632500	103.220665	25.713257	-0.236601	0.004713
1.7900	-318.274414	-74.375145	103.247711	25.801809	-0.236997	0.004989
1.8000	-317.241882	-74.116913	103.274971	25.889637	-0.237385	0.005265
1.8100	-316.209045	-73.857796	103.302460	25.976740	-0.237765	0.005542
1.8200	-315.175964	-73.597816	103.330162	26.063116	-0.238137	0.005819
1.8300	-314.142578	-73.336967	103.358086	26.148764	-0.238501	0.006097
1.8400	-313.108948	-73.075264	103.386230	26.233683	-0.238857	0.006375
1.8500	-312.075012	-72.812714	103.414597	26.317869	-0.239206	0.006653
1.8600	-311.040802	-72.549324	103.443184	26.401321	-0.239546	0.006932
1.8700	-310.006317	-72.285103	103.472000	26.484037	-0.239878	0.007211
1.8800	-308.971527	-72.020050	103.501045	26.566017	-0.240202	0.007491
1.8900	-307.936432	-71.754189	103.530319	26.647257	-0.240519	0.007771
1.9000	-306.901062	-71.487511	103.559822	26.727757	-0.240827	0.008052
1.9100	-305.865387	-71.220039	103.589554	26.807516	-0.241127	0.008333
1.9200	-304.829407	-70.951759	103.619522	26.886532	-0.241419	0.008614
1.9300	-303.793152	-70.682701	103.649719	26.964802	-0.241703	0.008896
1.9400	-302.756592	-70.412857	103.680153	27.042324	-0.241979	0.009179
1.9500	-301.719727	-70.142242	103.710823	27.119099	-0.242247	0.009461
1.9600	-300.682526	-69.870857	103.741737	27.195122	-0.242507	0.009745
1.9700	-299.645020	-69.598717	103.772881	27.270391	-0.242759	0.010028
1.9800	-298.607208	-69.325829	103.804268	27.344906	-0.243002	0.010312
1.9900	-297.569092	-69.052193	103.835899	27.418665	-0.243238	0.010597
2.0000	-296.530670	-68.777824	103.867775	27.491667	-0.243465	0.010882
2.0100	-295.491913	-68.502724	103.899895	27.563910	-0.243684	0.011167
2.0200	-294.452820	-68.226906	103.932259	27.635389	-0.243895	0.011453
2.0300	-293.413422	-67.950378	103.964867	27.706106	-0.244098	0.011740
2.0400	-292.373688	-67.673149	103.997719	27.776058	-0.244293	0.012027
2.0500	-291.333618	-67.395218	104.030830	27.845243	-0.244479	0.012314
2.0600	-290.293243	-67.116592	104.064186	27.913658	-0.244658	0.012602
2.0700	-289.252502	-66.837288	104.097794	27.981302	-0.244828	0.012890
2.0800	-288.211456	-66.557304	104.131653	28.048176	-0.244990	0.013179
2.0900	-287.170074	-66.276657	104.165764	28.114273	-0.245143	0.013468
2.1000	-286.128326	-65.995354	104.200127	28.179592	-0.245289	0.013758
2.1100	-285.086243	-65.713394	104.234749	28.244133	-0.245426	0.014048
2.1200	-284.043823	-65.430794	104.269630	28.307894	-0.245555	0.014339
2.1300	-283.001038	-65.147560	104.304771	28.370872	-0.245675	0.014630
2.1400	-281.957916	-64.863701	104.340172	28.433065	-0.245788	0.014921
2.1500	-280.914429	-64.579216	104.375832	28.494473	-0.245892	0.015214
2.1600	-279.870605	-64.294121	104.411751	28.555092	-0.245987	0.015506
2.1700	-278.826416	-64.008423	104.447929	28.614918	-0.246074	0.015799
2.1800	-277.781830	-63.722126	104.484375	28.673954	-0.246153	0.016093
2.1900	-276.736908	-63.435242	104.521080	28.732193	-0.246224	0.016387
2.2000	-275.691620	-63.147778	104.558052	28.789633	-0.246286	0.016682
2.2100	-274.645966	-62.859745	104.595291	28.846275	-0.246340	0.016977
2.2200	-273.599915	-62.571148	104.632790	28.902117	-0.246385	0.017273
2.2300	-272.553497	-62.281990	104.670563	28.957155	-0.246422	0.017569
2.2400	-271.506714	-61.992287	104.708603	29.011387	-0.246451	0.017866
2.2500	-270.459564	-61.702042	104.746910	29.064810	-0.246471	0.018163
2.2600	-269.412018	-61.411266	104.785492	29.117424	-0.246483	0.018461
2.2700	-268.364075	-61.119965	104.824348	29.169226	-0.246486	0.018759
2.2800	-267.315765	-60.828148	104.863464	29.220211	-0.246481	0.019058
2.2900	-266.267029	-60.535820	104.902855	29.270380	-0.246467	0.019358
2.3000	-265.217926	-60.242996	104.942520	29.319731	-0.246445	0.019658
2.3100	-264.168396	-59.949680	104.982460	29.368261	-0.246414	0.019958
2.3200	-263.118500	-59.655880	105.022675	29.415966	-0.246375	0.020259
2.3300	-262.068176	-59.361607	105.063164	29.462847	-0.246327	0.020561
2.3400	-261.017456	-59.066864	105.103928	29.508896	-0.246270	0.020863
2.3500	-259.966339	-58.771664	105.144981	29.554117	-0.246205	0.021166
2.3600	-258.914795	-58.476017	105.186310	29.598505	-0.246131	0.021469
2.3700	-257.862823	-58.179928	105.227913	29.642057	-0.246049	0.021773
2.3800	-256.810425	-57.883404	105.269791	29.684771	-0.245958	0.022077
2.3900	-255.757645	-57.586456	105.311958	29.726645	-0.245859	0.022382
2.4000	-254.704422	-57.289093	105.354401	29.767673	-0.245751	0.022688
2.4100	-253.650772	-56.991318	105.397133	29.807859	-0.245634	0.022994
2.4200	-252.596695	-56.693142	105.440140	29.847197	-0.245508	0.023300
2.4300	-251.542191	-56.394577	105.483437	29.885683	-0.245374	0.023608
2.4400	-250.487244	-56.095623	105.527008	29.923319	-0.245231	0.023916
2.4500	-249.431885	-55.796303	105.570869	29.960098	-0.245080	0.024224
2.4600	-248.376083	-55.496616	105.615013	29.996019	-0.244919	0.024533
2.4700	-247.319839	-55.196571	105.659439	30.031080	-0.244750	0.024843
2.4800	-246.263153	-54.896179	105.704155	30.065277	-0.244572	0.025153
2.4900	-245.206009	-54.595448	105.749153	30.098610	-0.244385	0.025464
2.5000	-244.148422	-54.294384	105.794434	30.131073	-0.244190	0.025775
2.5100	-243.090378	-53.993000	105.840004	30.162664	-0.243985	0.026087
2.5200	-242.031876	-53.691299	105.885864	30.193382	-0.243772	0.026400
2.5300	-240.972916	-53.389294	105.932014	30.223225	-0.243550	0.026714
2.5400	-239.913483	-53.086994	105.978447	30.252188	-0.243319	0.027027
2.5500	-238.853592	-52.784405	106.025169	30.280268	-0.243079	0.027342
2.5600	-237.793243	-52.481537	106.072182	30.307463	-0.242830	0.027657
2.5700	-236.732407	-52.178398	106.119484	30.333771	-0.242573	0.027973
2.5800	-235.671112	-51.875000	106.167076	30.359190	-0.242306	0.028290
2.5900	-234.609329	-51.571350	106.214958	30.383715	-0.242030	0.028607
2.6000	-233.547058	-51.267456	106.263130	30.407343	-0.241746	0.028925
2.6100	-232.484329	-50.963326	106.311592	30.430075	-0.241452	0.029243
2.6200	-231.421112	-50.658974	106.360344	30.451902	-0.241149	0.029562
2.6300	-230.357407	-50.354404	106.409386	30.472828	-0.240838	0.029882
2.6400	-229.293213	-50.049629	106.458717	30.492844	-0.240517	0.030203
2.6500	-228.228516	-49.744656	106.508339	30.511950	-0.240187	0.030524
2.6600	-227.163315	-49.439491	106.558250	30.530142	-0.239848	0.030846
2.6700	-226.097626	-49.134151	106.608452	30.547417	-0.239500	0.031168
2.6800	-225.031433	-48.828640	106.658951	30.563772	-0.239143	0.031492
2.6900	-223.964722	-48.522961	106.709740	30.579205	-0.238777	0.031816
2.7000	-222.897507	-48.217136	106.760818	30.593712	-0.238401	0.032140
2.7100	-221.829788	-47.911167	106.812187	30.607288	-0.238017	0.032466
2.7200	-220.761551	-47.605064	106.863846	30.619934	-0.237623	0.032792
2.7300	-219.692795	-47.298840	106.915802	30.631645	-0.237220	0.033119
2.7400	-218.623520	-46.992496	106.968048	30.642418	-0.236807	0.033446
2.7500	-217.553726	-46.686050	107.020584	30.652248	-0.236386	0.033774
2.7600	-216.483398	-46.379509	107.073410	30.661133	-0.235955	0.034103
2.7700	-215.412537	-46.072880	107.126534	30.669071	-0.235515	0.034433
2.7800	-214.341156	-45.766174	107.179947	30.676058	-0.235065	0.034764
2.7900	-213.269226	-45.459400	107.233650	30.682089	-0.234606	0.035095
2.8000	-212.196777	-45.152569	107.287643	30.687162	-0.234138	0.035427
2.8100	-211.123779	-44.845692	107.341927	30.691275	-0.233660	0.035760
2.8200	-210.050232	-44.538773	107.396500	30.694422	-0.233173	0.036093
2.8300	-208.976135	-44.231827	107.451363	30.696602	-0.232676	0.036427
2.8400	-207.901489	-43.924858	107.506516	30.697809	-0.232170	0.036762
2.8500	-206.826294	-43.617882	107.561958	30.698042	-0.231655	0.037098
2.8600	-205.750549	-43.310905	107.617691	30.697296	-0.231130	0.037435
2.8700	-204.674255	-43.003937	107.673714	30.695566	-0.230595	0.037772
2.8800	-203.597382	-42.696991	107.730026	30.692852	-0.230051	0.038111
2.8900	-202.519958	-42.390076	107.786629	30.689148	-0.229497	0.038450
2.9000	-201.441956	-42.083199	107.843521	30.684452	-0.228934	0.038790
2.9100	-200.363388	-41.776371	107.900703	30.678759	-0.228361	0.039130
2.9200	-199.284256	-41.469604	107.958176	30.672066	-0.227778	0.039472
2.9300	-198.204544	-41.162907	108.015930	30.664368	-0.227186	0.039814
2.9400	-197.124252	-40.856289	108.073967	30.655663	-0.226584	0.040158
2.9500	-196.043365	-40.549755	108.132294	30.645945	-0.225972	0.040502
2.9600	-194.961899	-40.243328	108.190910	30.635212	-0.225351	0.040847
2.9700	-193.879852	-39.937008	108.249809	30.623463	-0.224720	0.041192
2.9800	-192.797226	-39.630806	108.308990	30.610689	-0.224079	0.041539
2.9900	-191.713989	-39.324738	108.368462	30.596889	-0.223428	0.041887
3.0000	-190.630173	-39.018810	108.428207	30.582058	-0.222767	0.042235
3.0100	-189.545746	-38.713032	108.488243	30.566193	-0.222096	0.042585
3.0200	-188.460739	-38.407413	108.548553	30.549288	-0.221416	0.042935
3.0300	-187.375122	-38.101967	108.609154	30.531342	-0.220725	0.043286
3.0400	-186.288895	-37.796703	108.670029	30.512348	-0.220025	0.043638
3.0500	-185.202057	-37.491634	108.731178	30.492304	-0.219314	0.043991
3.0600	-184.114609	-37.186768	108.792610	30.471205	-0.218594	0.044345
3.0700	-183.026550	-36.882114	108.854324	30.449047	-0.217863	0.044700
3.0800	-181.937866	-36.577686	108.916313	30.425825	-0.217122	0.045056
3.0900	-180.848557	-36.273491	108.978577	30.401537	-0.216372	0.045413
3.1000	-179.758636	-35.969543	109.041115	30.376177	-0.215611	0.045771
3.1100	-178.668076	-35.665848	109.103928	30.349739	-0.214840	0.046130
3.1200	-177.576889	-35.362423	109.167015	30.322222	-0.214058	0.046490
3.1300	-176.485077	-35.059277	109.230377	30.293619	-0.213267	0.046850
3.1400	-175.392624	-34.756420	109.294006	30.263927	-0.212465	0.047212
3.1500	-174.299545	-34.453857	109.357903	30.233143	-0.211653	0.047575
3.1600	-173.205826	-34.151611	109.422073	30.201260	-0.210830	0.047939
3.1700	-172.111465	-33.849686	109.486504	30.168276	-0.209997	0.048304
3.1800	-171.016449	-33.548092	109.551208	30.134186	-0.209154	0.048670
3.1900	-169.920792	-33.246841	109.616173	30.098984	-0.208300	0.049037
3.2000	-168.824478	-32.945946	109.681404	30.062664	-0.207436	0.049405
3.2100	-167.727509	-32.645412	109.746895	30.025223	-0.206561	0.049774
3.2200	-166.629883	-32.345257	109.812645	29.986656	-0.205676	0.050145
3.2300	-165.531616	-32.045494	109.878662	29.946960	-0.204780	0.050516
3.2400	-164.432678	-31.746130	109.944931	29.906130	-0.203874	0.050889
3.2500	-163.333069	-31.447176	110.011459	29.864159	-0.202957	0.051262
3.2600	-162.232788	-31.148645	110.078247	29.821041	-0.202029	0.051637
3.2700	-161.131851	-30.850550	110.145287	29.776775	-0.201090	0.052013
3.2800	-160.030243	-30.552898	110.212578	29.731354	-0.200141	0.052390
3.2900	-158.927963	-30.255705	110.280128	29.684772	-0.199181	0.052769
3.3000	-157.824997	-29.958979	110.347923	29.637026	-0.198210	0.053148
3.3100	-156.721359	-29.662733	110.415962	29.588110	-0.197228	0.053529
3.3200	-155.617050	-29.366982	110.484245	29.538019	-0.196236	0.053911
3.3300	-154.512054	-29.071733	110.552773	29.486748	-0.195232	0.054294
3.3400	-153.406372	-28.777000	110.621544	29.434292	-0.194217	0.054678
3.3500	-152.300003	-28.482796	110.690559	29.380646	-0.193192	0.055064
3.3600	-151.192932	-28.189129	110.759819	29.325802	-0.192155	0.055451
3.3700	-150.085175	-27.896013	110.829315	29.269756	-0.191107	0.055839
3.3800	-148.976715	-27.603462	110.899048	29.212505	-0.190048	0.056229
3.3900	-147.867569	-27.311485	110.969009	29.154039	-0.188977	0.056619
3.4000	-146.757721	-27.020096	111.039207	29.094357	-0.187896	0.057012
3.4100	-145.647171	-26.729307	111.109634	29.033451	-0.186803	0.057405
3.4200	-144.535919	-26.439131	111.180290	28.971315	-0.185698	0.057800
3.4300	-143.423950	-26.149578	111.251175	28.907946	-0.184583	0.058196
3.4400	-142.311264	-25.860664	111.322273	28.843334	-0.183455	0.058594
3.4500	-141.197876	-25.572399	111.393600	28.777475	-0.182317	0.058993
3.4600	-140.083771	-25.284792	111.465141	28.710363	-0.181166	0.059394
3.4700	-138.968948	-24.997864	111.536896	28.641994	-0.180005	0.059796
3.4800	-137.853424	-24.711620	111.608871	28.572361	-0.178831	0.060199
3.4900	-136.737167	-24.426077	111.681053	28.501457	-0.177646	0.060604
3.5000	-135.620178	-24.141245	111.753448	28.429277	-0.176449	0.061011
3.5100	-134.502487	-23.857138	111.826057	28.355814	-0.175240	0.061419
3.5200	-133.384064	-23.573769	111.898865	28.281059	-0.174019	0.061828
3.5300	-132.264908	-23.291151	111.971878	28.205009	-0.172787	0.062239
3.5400	-131.145020	-23.009296	112.045090	28.127659	-0.171542	0.062652
3.5500	-130.024399	-22.728220	112.118500	28.049000	-0.170285	0.063066
3.5600	-128.903046	-22.447931	112.192108	27.969027	-0.169016	0.063482
3.5700	-127.780952	-22.168447	112.265900	27.887732	-0.167735	0.063900
3.5800	-126.658119	-21.889780	112.339890	27.805109	-0.166442	0.064319
3.5900	-125.534546	-21.611942	112.414062	27.721149	-0.165137	0.064740
3.6000	-124.410233	-21.334948	112.488419	27.635849	-0.163819	0.065163
3.6100	-123.285179	-21.058807	112.562958	27.549200	-0.162488	0.065588
3.6200	-122.159378	-20.783537	112.637672	27.461197	-0.161146	0.066014
3.6300	-121.032829	-20.509151	112.712563	27.371830	-0.159790	0.066442
3.6400	-119.905533	-20.235662	112.787621	27.281094	-0.158422	0.066872
3.6500	-118.777489	-19.963083	112.862846	27.188980	-0.157042	0.067304
3.6600	-117.648682	-19.691431	112.938240	27.095484	-0.155648	0.067737
3.6700	-116.519127	-19.420715	113.013794	27.000593	-0.154242	0.068173
3.6800	-115.388809	-19.150953	113.089516	26.904305	-0.152823	0.068611
3.6900	-114.257744	-18.882156	113.165390	26.806610	-0.151391	0.069050
3.7000	-113.125916	-18.614340	113.241417	26.707500	-0.149945	0.069492
3.7100	-111.993324	-18.347519	113.317589	26.606968	-0.148487	0.069935
3.7200	-110.859955	-18.081703	113.393906	26.505005	-0.147015	0.070381
3.7300	-109.725838	-17.816914	113.470367	26.401604	-0.145530	0.070829
3.7400	-108.590958	-17.553162	113.546967	26.296757	-0.144032	0.071279
3.7500	-107.455315	-17.290462	113.623695	26.190456	-0.142520	0.071731
3.7600	-106.318901	-17.028830	113.700554	26.082693	-0.140995	0.072185
3.7700	-105.181717	-16.768278	113.777542	25.973459	-0.139456	0.072642
3.7800	-104.043762	-16.508821	113.854652	25.862745	-0.137903	0.073101
3.7900	-102.905037	-16.250477	113.931885	25.750542	-0.136336	0.073563
3.8000	-101.765541	-15.993257	114.009232	25.636841	-0.134755	0.074026
3.8100	-100.625267	-15.737178	114.086685	25.521635	-0.133161	0.074493
3.8200	-99.484222	-15.482255	114.164253	25.404915	-0.131552	0.074961
3.8300	-98.342400	-15.228503	114.241920	25.286671	-0.129929	0.075433
3.8400	-97.199799	-14.975938	114.319687	25.166893	-0.128291	0.075906
3.8500	-96.056419	-14.724574	114.397545	25.045574	-0.126639	0.076383
3.8600	-94.912262	-14.474427	114.475494	24.922701	-0.124973	0.076862
3.8700	-93.767326	-14.225513	114.553528	24.798265	-0.123291	0.077344
3.8800	-92.621605	-13.977848	114.631645	24.672258	-0.121595	0.077829
3.8900	-91.475105	-13.731446	114.709839	24.544670	-0.119884	0.078316
3.9000	-90.327827	-13.486324	114.788101	24.415489	-0.118158	0.078807
3.9100	-89.179764	-13.242498	114.866440	24.284706	-0.116417	0.079301
3.9200	-88.030914	-12.999984	114.944839	24.152308	-0.114660	0.079797
3.9300	-86.881287	-12.758798	115.023293	24.018286	-0.112888	0.080297
3.9400	-85.730865	-12.518956	115.101799	23.882627	-0.111100	0.080800
3.9500	-84.579666	-12.280475	115.180351	23.745325	-0.109297	0.081306
3.9600	-83.427681	-12.043370	115.258942	23.606365	-0.107477	0.081816
3.9700	-82.274895	-11.807657	115.337578	23.465734	-0.105642	0.082329
3.9800	-81.121330	-11.573358	115.416245	23.323423	-0.103790	0.082845
3.9900	-79.966988	-11.340485	115.494934	23.179420	-0.101922	0.083365
4.0000	-78.811852	-11.109056	115.573647	23.033712	-0.100037	0.083889
4.0100	-77.655960	-10.879095	115.652367	22.886292	-0.098136	0.084417
4.0200	-76.499237	-10.650604	115.731102	22.737133	-0.096217	0.084949
4.0300	-75.341766	-10.423617	115.809837	22.586237	-0.094282	0.085484
4.0400	-74.183472	-10.198135	115.888573	22.433578	-0.092329	0.086024
4.0500	-73.024429	-9.974193	115.967300	22.279156	-0.090359	0.086568
4.0600	-71.864563	-9.751790	116.046021	22.122942	-0.088371	0.087117
4.0700	-70.703949	-9.530962	116.124718	21.964937	-0.086365	0.087669
4.0800	-69.542511	-9.311710	116.203400	21.805113	-0.084340	0.088227
4.0900	-68.380325	-9.094069	116.282043	21.643467	-0.082298	0.088789
4.1000	-67.217308	-8.878042	116.360649	21.479971	-0.080237	0.089357
4.1100	-66.053505	-8.663654	116.439217	21.314617	-0.078156	0.089929
4.1200	-64.888954	-8.450933	116.517723	21.147394	-0.076057	0.090507
4.1300	-63.723579	-8.239881	116.596184	20.978271	-0.073938	0.091090
4.1400	-62.557465	-8.030531	116.674576	20.807247	-0.071800	0.091678
4.1500	-61.390522	-7.822889	116.752899	20.634293	-0.069641	0.092273
4.1600	-60.222839	-7.616990	116.831139	20.459398	-0.067462	0.092874
4.1700	-59.054333	-7.412837	116.909302	20.282536	-0.065263	0.093481
4.1800	-57.885090	-7.210465	116.987366	20.103699	-0.063042	0.094094
4.1900	-56.715019	-7.009879	117.065331	19.922853	-0.060800	0.094714
4.2000	-55.544212	-6.811113	117.143181	19.739994	-0.058536	0.095342
4.2100	-54.372585	-6.614174	117.220924	19.555086	-0.056250	0.095976
4.2200	-53.200222	-6.419096	117.298546	19.368120	-0.053941	0.096619
4.2300	-52.027042	-6.225887	117.376038	19.179062	-0.051609	0.097269
4.2400	-50.853130	-6.034580	117.453392	18.987900	-0.049253	0.097928
4.2500	-49.678402	-5.845182	117.530609	18.794596	-0.046873	0.098596
4.2600	-48.502945	-5.657731	117.607666	18.599140	-0.044469	0.099273
4.2700	-47.326675	-5.472232	117.684563	18.401493	-0.042039	0.099960
4.2800	-46.149677	-5.288722	117.761284	18.201641	-0.039584	0.100657
4.2900	-44.971874	-5.107209	117.837837	17.999538	-0.037102	0.101364
4.3000	-43.793350	-4.927730	117.914192	17.795174	-0.034592	0.102084
4.3100	-42.614021	-4.750293	117.990356	17.588501	-0.032055	0.102815
4.3200	-41.433971	-4.574935	118.066315	17.379501	-0.029489	0.103560
4.3300	-40.253117	-4.401668	118.142059	17.168125	-0.026893	0.104318
4.3400	-39.071552	-4.230525	118.217575	16.954353	-0.024266	0.105090
4.3500	-37.889187	-4.061521	118.292862	16.738131	-0.021608	0.105879
4.3600	-36.706070	-3.894685	118.367905	16.519426	-0.018916	0.106684
4.3700	-35.522247	-3.730048	118.442696	16.298206	-0.016191	0.107507
4.3800	-34.337635	-3.567624	118.517227	16.074409	-0.013430	0.108351
4.3900	-33.152321	-3.407450	118.591492	15.848001	-0.010632	0.109215
4.4000	-31.966221	-3.249541	118.665474	15.618917	-0.007795	0.110102
4.4100	-30.779425	-3.093936	118.739159	15.387119	-0.004918	0.111015
4.4200	-29.591848	-2.940649	118.812553	15.152531	-0.001998	0.111956
4.4300	-28.403584	-2.789721	118.885635	14.915105	0.000966	0.112928
4.4400	-27.214544	-2.641169	118.958397	14.674756	0.003979	0.113934
4.4500	-26.024822	-2.495033	119.030823	14.431428	0.007042	0.114978
4.4600	-24.834333	-2.351333	119.102905	14.185020	0.010158	0.116066
4.4700	-23.643167	-2.210110	119.174637	13.935462	0.013333	0.117204
4.4800	-22.451242	-2.071385	119.246002	13.682635	0.016570	0.118398
4.4900	-21.258648	-1.935202	119.316994	13.426450	0.019875	0.119659
4.5000	-20.065302	-1.801585	119.387604	13.166763	0.023255	0.120997
4.5100	-18.871294	-1.670578	119.457817	12.903457	0.026716	0.122428
4.5200	-17.676542	-1.542209	119.527626	12.636353	0.030268	0.123970
4.5300	-16.481134	-1.416525	119.597023	12.365290	0.033922	0.125649
4.5400	-15.284991	-1.293557	119.665993	12.090039	0.037692	0.127500
4.5500	-14.088203	-1.173357	119.734535	11.810375	0.041596	0.129572
4.5600	-12.890687	-1.055962	119.802650	11.525984	0.045658	0.131936
4.5700	-11.692534	-0.941426	119.870331	11.236529	0.049907	0.134696
4.5800	-10.493663	-0.829795	119.937576	10.941554	0.054384	0.138020
4.5900	-9.294164	-0.721132	120.004379	10.640529	0.059147	0.142182
4.6000	-8.093953	-0.615492	120.070770	10.332716	0.064280	0.147668
4.6100	-6.893080	-0.512948	120.136765	10.017172	0.069907	0.155413
4.6200	-5.691592	-0.413585	120.202400	9.692580	0.076233	0.167426
4.6300	-4.489405	-0.317491	120.267761	9.356977	0.083604	0.188755
4.6400	-3.286608	-0.224788	120.332977	9.007351	0.092679	0.235356
4.6500	-2.083115	-0.135623	120.398293	8.638477	0.104730	0.382349
4.6600	-0.879011	-0.050212	120.464081	8.242188	0.119466	1.543114
4.6700	0.325795	0.031158	120.530434	7.812862	0.135162	11.296949
