  0.00000E+00 -5.00000E+02 -1.00000E+02  1.00000E+02  0.00000E+00  0.00000E+00 -3.84615E-02
  1.00000E-02 -4.99000E+02 -9.99998E+01  1.00021E+02  9.83334E-02  0.00000E+00 -3.84285E-02
  2.00000E-02 -4.98000E+02 -9.99985E+01  1.00042E+02  1.96128E-01 -3.90546E-03 -3.83963E-02
  3.00000E-02 -4.96999E+02 -9.99963E+01  1.00063E+02  3.01539E-01 -1.16391E-02 -3.83493E-02
  4.00000E-02 -4.95999E+02 -9.99930E+01  1.00084E+02  4.20949E-01 -2.16299E-02 -3.82750E-02
  5.00000E-02 -4.94998E+02 -9.99885E+01  1.00105E+02  5.57720E-01 -3.25105E-02 -3.81666E-02
  6.00000E-02 -4.93997E+02 -9.99825E+01  1.00126E+02  7.12680E-01 -4.31908E-02 -3.80222E-02
  7.00000E-02 -4.92995E+02 -9.99750E+01  1.00146E+02  8.84707E-01 -5.28850E-02 -3.78437E-02
  8.00000E-02 -4.91994E+02 -9.99657E+01  1.00166E+02  1.07135E+00 -6.11050E-02 -3.76356E-02
  9.00000E-02 -4.90992E+02 -9.99545E+01  1.00186E+02  1.26939E+00 -6.76267E-02 -3.74040E-02
  1.00000E-01 -4.89990E+02 -9.99413E+01  1.00206E+02  1.47537E+00 -7.24414E-02 -3.71555E-02
  1.10000E-01 -4.88988E+02 -9.99260E+01  1.00225E+02  1.68594E+00 -7.57000E-02 -3.68965E-02
  1.20000E-01 -4.87986E+02 -9.99086E+01  1.00244E+02  1.89816E+00 -7.76570E-02 -3.66327E-02
  1.30000E-01 -4.86983E+02 -9.98891E+01  1.00263E+02  2.10965E+00 -7.86197E-02 -3.63689E-02
  1.40000E-01 -4.85980E+02 -9.98675E+01  1.00282E+02  2.31870E+00 -7.89060E-02 -3.61083E-02
  1.50000E-01 -4.84978E+02 -9.98438E+01  1.00301E+02  2.52418E+00 -7.88120E-02 -3.58533E-02
  1.60000E-01 -4.83975E+02 -9.98180E+01  1.00319E+02  2.72558E+00 -7.85905E-02 -3.56050E-02
  1.70000E-01 -4.82971E+02 -9.97903E+01  1.00338E+02  2.92282E+00 -7.84390E-02 -3.53635E-02
  1.80000E-01 -4.81968E+02 -9.97605E+01  1.00356E+02  3.11619E+00 -7.84959E-02 -3.51283E-02
  1.90000E-01 -4.80964E+02 -9.97289E+01  1.00374E+02  3.30621E+00 -7.88435E-02 -3.48985E-02
  2.00000E-01 -4.79961E+02 -9.96954E+01  1.00393E+02  3.49351E+00 -7.95148E-02 -3.46728E-02
  2.10000E-01 -4.78957E+02 -9.96600E+01  1.00411E+02  3.67878E+00 -8.05035E-02 -3.44500E-02
  2.20000E-01 -4.77952E+02 -9.96227E+01  1.00429E+02  3.86263E+00 -8.17753E-02 -3.42286E-02
  2.30000E-01 -4.76948E+02 -9.95836E+01  1.00447E+02  4.04562E+00 -8.32778E-02 -3.40077E-02
  2.40000E-01 -4.75944E+02 -9.95427E+01  1.00465E+02  4.22818E+00 -8.49507E-02 -3.37864E-02
  2.50000E-01 -4.74939E+02 -9.95000E+01  1.00482E+02  4.41062E+00 -8.67330E-02 -3.35640E-02
  2.60000E-01 -4.73934E+02 -9.94554E+01  1.00500E+02  4.59312E+00 -8.85693E-02 -3.33401E-02
  2.70000E-01 -4.72929E+02 -9.94090E+01  1.00517E+02  4.77577E+00 -9.04128E-02 -3.31146E-02
  2.80000E-01 -4.71924E+02 -9.93608E+01  1.00535E+02  4.95856E+00 -9.22280E-02 -3.28875E-02
  2.90000E-01 -4.70918E+02 -9.93108E+01  1.00552E+02  5.14141E+00 -9.39906E-02 -3.26589E-02
  3.00000E-01 -4.69913E+02 -9.92589E+01  1.00569E+02  5.32422E+00 -9.56871E-02 -3.24290E-02
  3.10000E-01 -4.68907E+02 -9.92052E+01  1.00586E+02  5.50687E+00 -9.73128E-02 -3.21981E-02
  3.20000E-01 -4.67901E+02 -9.91497E+01  1.00602E+02  5.68922E+00 -9.88704E-02 -3.19663E-02
  3.30000E-01 -4.66895E+02 -9.90923E+01  1.00619E+02  5.87116E+00 -1.00368E-01 -3.17341E-02
  3.40000E-01 -4.65889E+02 -9.90332E+01  1.00635E+02  6.05257E+00 -1.01815E-01 -3.15014E-02
  3.50000E-01 -4.64883E+02 -9.89722E+01  1.00652E+02  6.23338E+00 -1.03224E-01 -3.12687E-02
  3.60000E-01 -4.63876E+02 -9.89094E+01  1.00668E+02  6.41353E+00 -1.04606E-01 -3.10358E-02
  3.70000E-01 -4.62869E+02 -9.88448E+01  1.00684E+02  6.59299E+00 -1.05972E-01 -3.08030E-02
  3.80000E-01 -4.61862E+02 -9.87785E+01  1.00701E+02  6.77176E+00 -1.07330E-01 -3.05702E-02
  3.90000E-01 -4.60855E+02 -9.87103E+01  1.00717E+02  6.94982E+00 -1.08687E-01 -3.03375E-02
  4.00000E-01 -4.59848E+02 -9.86404E+01  1.00733E+02  7.12720E+00 -1.10047E-01 -3.01047E-02
  4.10000E-01 -4.58841E+02 -9.85686E+01  1.00749E+02  7.30392E+00 -1.11412E-01 -2.98719E-02
  4.20000E-01 -4.57833E+02 -9.84952E+01  1.00764E+02  7.47999E+00 -1.12783E-01 -2.96390E-02
  4.30000E-01 -4.56826E+02 -9.84199E+01  1.00780E+02  7.65546E+00 -1.14159E-01 -2.94060E-02
  4.40000E-01 -4.55818E+02 -9.83429E+01  1.00796E+02  7.83032E+00 -1.15538E-01 -2.91728E-02
  4.50000E-01 -4.54810E+02 -9.82642E+01  1.00812E+02  8.00462E+00 -1.16918E-01 -2.89393E-02
  4.60000E-01 -4.53802E+02 -9.81837E+01  1.00827E+02  8.17835E+00 -1.18296E-01 -2.87056E-02
  4.70000E-01 -4.52793E+02 -9.81015E+01  1.00843E+02  8.35153E+00 -1.19672E-01 -2.84716E-02
  4.80000E-01 -4.51785E+02 -9.80175E+01  1.00858E+02  8.52415E+00 -1.21042E-01 -2.82372E-02
  4.90000E-01 -4.50776E+02 -9.79319E+01  1.00873E+02  8.69623E+00 -1.22405E-01 -2.80026E-02
  5.00000E-01 -4.49767E+02 -9.78445E+01  1.00889E+02  8.86776E+00 -1.23760E-01 -2.77677E-02
  5.10000E-01 -4.48758E+02 -9.77554E+01  1.00904E+02  9.03873E+00 -1.25106E-01 -2.75324E-02
  5.20000E-01 -4.47749E+02 -9.76645E+01  1.00919E+02  9.20914E+00 -1.26443E-01 -2.72969E-02
  5.30000E-01 -4.46740E+02 -9.75720E+01  1.00934E+02  9.37898E+00 -1.27771E-01 -2.70611E-02
  5.40000E-01 -4.45731E+02 -9.74778E+01  1.00949E+02  9.54825E+00 -1.29089E-01 -2.68250E-02
  5.50000E-01 -4.44721E+02 -9.73819E+01  1.00964E+02  9.71694E+00 -1.30399E-01 -2.65887E-02
  5.60000E-01 -4.43712E+02 -9.72843E+01  1.00979E+02  9.88506E+00 -1.31701E-01 -2.63521E-02
  5.70000E-01 -4.42702E+02 -9.71851E+01  1.00994E+02  1.00526E+01 -1.32995E-01 -2.61153E-02
  5.80000E-01 -4.41692E+02 -9.70841E+01  1.01009E+02  1.02195E+01 -1.34282E-01 -2.58782E-02
  5.90000E-01 -4.40682E+02 -9.69815E+01  1.01024E+02  1.03859E+01 -1.35561E-01 -2.56409E-02
  6.00000E-01 -4.39671E+02 -9.68772E+01  1.01039E+02  1.05516E+01 -1.36834E-01 -2.54033E-02
  6.10000E-01 -4.38661E+02 -9.67713E+01  1.01054E+02  1.07168E+01 -1.38100E-01 -2.51655E-02
  6.20000E-01 -4.37650E+02 -9.66637E+01  1.01069E+02  1.08814E+01 -1.39359E-01 -2.49274E-02
  6.30000E-01 -4.36640E+02 -9.65545E+01  1.01084E+02  1.10453E+01 -1.40612E-01 -2.46891E-02
  6.40000E-01 -4.35629E+02 -9.64436E+01  1.01098E+02  1.12087E+01 -1.41859E-01 -2.44505E-02
  6.49999E-01 -4.34618E+02 -9.63311E+01  1.01113E+02  1.13715E+01 -1.43099E-01 -2.42117E-02
  6.59999E-01 -4.33607E+02 -9.62170E+01  1.01128E+02  1.15337E+01 -1.44333E-01 -2.39725E-02
  6.69999E-01 -4.32595E+02 -9.61013E+01  1.01143E+02  1.16953E+01 -1.45559E-01 -2.37332E-02
  6.79999E-01 -4.31584E+02 -9.59839E+01  1.01157E+02  1.18563E+01 -1.46779E-01 -2.34936E-02
  6.89999E-01 -4.30572E+02 -9.58650E+01  1.01172E+02  1.20168E+01 -1.47992E-01 -2.32537E-02
  6.99999E-01 -4.29560E+02 -9.57444E+01  1.01187E+02  1.21766E+01 -1.49199E-01 -2.30135E-02
  7.09999E-01 -4.28548E+02 -9.56222E+01  1.01201E+02  1.23358E+01 -1.50398E-01 -2.27731E-02
  7.19999E-01 -4.27536E+02 -9.54985E+01  1.01216E+02  1.24945E+01 -1.51590E-01 -2.25324E-02
  7.29999E-01 -4.26524E+02 -9.53731E+01  1.01231E+02  1.26525E+01 -1.52775E-01 -2.22914E-02
  7.39999E-01 -4.25512E+02 -9.52462E+01  1.01245E+02  1.28100E+01 -1.53953E-01 -2.20502E-02
  7.49999E-01 -4.24499E+02 -9.51177E+01  1.01260E+02  1.29668E+01 -1.55124E-01 -2.18086E-02
  7.59999E-01 -4.23487E+02 -9.49877E+01  1.01275E+02  1.31230E+01 -1.56287E-01 -2.15669E-02
  7.69999E-01 -4.22474E+02 -9.48561E+01  1.01289E+02  1.32787E+01 -1.57444E-01 -2.13248E-02
  7.79999E-01 -4.21461E+02 -9.47229E+01  1.01304E+02  1.34337E+01 -1.58594E-01 -2.10825E-02
  7.89999E-01 -4.20448E+02 -9.45882E+01  1.01319E+02  1.35881E+01 -1.59736E-01 -2.08399E-02
  7.99999E-01 -4.19435E+02 -9.44519E+01  1.01334E+02  1.37420E+01 -1.60872E-01 -2.05970E-02
  8.09999E-01 -4.18421E+02 -9.43141E+01  1.01348E+02  1.38952E+01 -1.62000E-01 -2.03539E-02
  8.19999E-01 -4.17408E+02 -9.41748E+01  1.01363E+02  1.40478E+01 -1.63121E-01 -2.01105E-02
  8.29999E-01 -4.16394E+02 -9.40339E+01  1.01378E+02  1.41998E+01 -1.64235E-01 -1.98668E-02
  8.39999E-01 -4.15380E+02 -9.38915E+01  1.01393E+02  1.43512E+01 -1.65343E-01 -1.96228E-02
  8.49999E-01 -4.14366E+02 -9.37476E+01  1.01408E+02  1.45020E+01 -1.66443E-01 -1.93785E-02
  8.59999E-01 -4.13352E+02 -9.36022E+01  1.01423E+02  1.46522E+01 -1.67536E-01 -1.91340E-02
  8.69999E-01 -4.12338E+02 -9.34554E+01  1.01437E+02  1.48017E+01 -1.68621E-01 -1.88892E-02
  8.79999E-01 -4.11324E+02 -9.33070E+01  1.01452E+02  1.49507E+01 -1.69700E-01 -1.86441E-02
  8.89999E-01 -4.10309E+02 -9.31571E+01  1.01467E+02  1.50990E+01 -1.70772E-01 -1.83987E-02
  8.99999E-01 -4.09294E+02 -9.30057E+01  1.01483E+02  1.52467E+01 -1.71836E-01 -1.81531E-02
  9.09999E-01 -4.08279E+02 -9.28529E+01  1.01498E+02  1.53938E+01 -1.72894E-01 -1.79071E-02
  9.19999E-01 -4.07264E+02 -9.26986E+01  1.01513E+02  1.55403E+01 -1.73944E-01 -1.76609E-02
  9.29999E-01 -4.06249E+02 -9.25428E+01  1.01528E+02  1.56862E+01 -1.74987E-01 -1.74144E-02
  9.39999E-01 -4.05234E+02 -9.23856E+01  1.01543E+02  1.58314E+01 -1.76023E-01 -1.71676E-02
  9.49999E-01 -4.04219E+02 -9.22269E+01  1.01558E+02  1.59761E+01 -1.77052E-01 -1.69205E-02
  9.59999E-01 -4.03203E+02 -9.20668E+01  1.01574E+02  1.61201E+01 -1.78073E-01 -1.66731E-02
  9.69999E-01 -4.02187E+02 -9.19053E+01  1.01589E+02  1.62635E+01 -1.79088E-01 -1.64254E-02
  9.79999E-01 -4.01171E+02 -9.17423E+01  1.01605E+02  1.64062E+01 -1.80095E-01 -1.61775E-02
  9.89999E-01 -4.00155E+02 -9.15779E+01  1.01620E+02  1.65484E+01 -1.81095E-01 -1.59292E-02
  9.99999E-01 -3.99139E+02 -9.14120E+01  1.01636E+02  1.66899E+01 -1.82087E-01 -1.56807E-02
  1.01000E+00 -3.98122E+02 -9.12448E+01  1.01651E+02  1.68308E+01 -1.83073E-01 -1.54318E-02
  1.02000E+00 -3.97106E+02 -9.10761E+01  1.01667E+02  1.69711E+01 -1.84051E-01 -1.51827E-02
  1.03000E+00 -3.96089E+02 -9.09060E+01  1.01683E+02  1.71107E+01 -1.85022E-01 -1.49332E-02
  1.04000E+00 -3.95072E+02 -9.07346E+01  1.01699E+02  1.72497E+01 -1.85986E-01 -1.46835E-02
  1.05000E+00 -3.94055E+02 -9.05617E+01  1.01715E+02  1.73881E+01 -1.86942E-01 -1.44335E-02
  1.06000E+00 -3.93038E+02 -9.03875E+01  1.01731E+02  1.75258E+01 -1.87892E-01 -1.41831E-02
  1.07000E+00 -3.92021E+02 -9.02119E+01  1.01747E+02  1.76630E+01 -1.88834E-01 -1.39325E-02
  1.08000E+00 -3.91003E+02 -9.00349E+01  1.01763E+02  1.77994E+01 -1.89768E-01 -1.36816E-02
  1.09000E+00 -3.89986E+02 -8.98566E+01  1.01779E+02  1.79353E+01 -1.90696E-01 -1.34303E-02
  1.10000E+00 -3.88968E+02 -8.96769E+01  1.01796E+02  1.80705E+01 -1.91616E-01 -1.31788E-02
  1.11000E+00 -3.87950E+02 -8.94959E+01  1.01812E+02  1.82051E+01 -1.92529E-01 -1.29269E-02
  1.12000E+00 -3.86932E+02 -8.93135E+01  1.01829E+02  1.83390E+01 -1.93434E-01 -1.26748E-02
  1.13000E+00 -3.85913E+02 -8.91298E+01  1.01845E+02  1.84723E+01 -1.94332E-01 -1.24223E-02
  1.14000E+00 -3.84895E+02 -8.89447E+01  1.01862E+02  1.86050E+01 -1.95223E-01 -1.21695E-02
  1.15000E+00 -3.83876E+02 -8.87583E+01  1.01879E+02  1.87370E+01 -1.96107E-01 -1.19164E-02
  1.16000E+00 -3.82857E+02 -8.85706E+01  1.01896E+02  1.88684E+01 -1.96983E-01 -1.16630E-02
  1.17000E+00 -3.81838E+02 -8.83816E+01  1.01913E+02  1.89992E+01 -1.97852E-01 -1.14093E-02
  1.18000E+00 -3.80819E+02 -8.81913E+01  1.01930E+02  1.91293E+01 -1.98713E-01 -1.11553E-02
  1.19000E+00 -3.79800E+02 -8.79997E+01  1.01947E+02  1.92587E+01 -1.99567E-01 -1.09010E-02
  1.20000E+00 -3.78780E+02 -8.78068E+01  1.01964E+02  1.93875E+01 -2.00414E-01 -1.06463E-02
  1.21000E+00 -3.77761E+02 -8.76126E+01  1.01982E+02  1.95157E+01 -2.01253E-01 -1.03913E-02
  1.22000E+00 -3.76741E+02 -8.74171E+01  1.01999E+02  1.96432E+01 -2.02085E-01 -1.01360E-02
  1.23000E+00 -3.75721E+02 -8.72203E+01  1.02017E+02  1.97701E+01 -2.02909E-01 -9.88041E-03
  1.24000E+00 -3.74700E+02 -8.70223E+01  1.02035E+02  1.98963E+01 -2.03726E-01 -9.62447E-03
  1.25000E+00 -3.73680E+02 -8.68230E+01  1.02053E+02  2.00218E+01 -2.04536E-01 -9.36822E-03
  1.26000E+00 -3.72659E+02 -8.66225E+01  1.02071E+02  2.01468E+01 -2.05338E-01 -9.11163E-03
  1.27000E+00 -3.71639E+02 -8.64207E+01  1.02089E+02  2.02710E+01 -2.06133E-01 -8.85472E-03
  1.28000E+00 -3.70618E+02 -8.62177E+01  1.02107E+02  2.03946E+01 -2.06920E-01 -8.59749E-03
  1.29000E+00 -3.69597E+02 -8.60135E+01  1.02126E+02  2.05176E+01 -2.07700E-01 -8.33992E-03
  1.30000E+00 -3.68575E+02 -8.58080E+01  1.02144E+02  2.06399E+01 -2.08473E-01 -8.08203E-03
  1.31000E+00 -3.67554E+02 -8.56013E+01  1.02163E+02  2.07615E+01 -2.09238E-01 -7.82380E-03
  1.32000E+00 -3.66532E+02 -8.53933E+01  1.02182E+02  2.08825E+01 -2.09995E-01 -7.56525E-03
  1.33000E+00 -3.65510E+02 -8.51842E+01  1.02200E+02  2.10028E+01 -2.10745E-01 -7.30636E-03
  1.34000E+00 -3.64488E+02 -8.49739E+01  1.02220E+02  2.11224E+01 -2.11488E-01 -7.04714E-03
  1.35000E+00 -3.63466E+02 -8.47624E+01  1.02239E+02  2.12414E+01 -2.12223E-01 -6.78758E-03
  1.36000E+00 -3.62444E+02 -8.45497E+01  1.02258E+02  2.13598E+01 -2.12950E-01 -6.52768E-03
  1.37000E+00 -3.61421E+02 -8.43358E+01  1.02278E+02  2.14774E+01 -2.13670E-01 -6.26745E-03
  1.38000E+00 -3.60398E+02 -8.41207E+01  1.02297E+02  2.15944E+01 -2.14382E-01 -6.00687E-03
  1.39000E+00 -3.59375E+02 -8.39045E+01  1.02317E+02  2.17107E+01 -2.15087E-01 -5.74596E-03
  1.40000E+00 -3.58352E+02 -8.36871E+01  1.02337E+02  2.18264E+01 -2.15785E-01 -5.48470E-03
  1.41000E+00 -3.57328E+02 -8.34685E+01  1.02357E+02  2.19414E+01 -2.16474E-01 -5.22309E-03
  1.42000E+00 -3.56305E+02 -8.32488E+01  1.02377E+02  2.20557E+01 -2.17156E-01 -4.96114E-03
  1.43000E+00 -3.55281E+02 -8.30280E+01  1.02397E+02  2.21694E+01 -2.17831E-01 -4.69883E-03
  1.44000E+00 -3.54257E+02 -8.28060E+01  1.02418E+02  2.22823E+01 -2.18498E-01 -4.43618E-03
  1.45000E+00 -3.53233E+02 -8.25829E+01  1.02439E+02  2.23946E+01 -2.19158E-01 -4.17318E-03
  1.46000E+00 -3.52208E+02 -8.23587E+01  1.02459E+02  2.25062E+01 -2.19809E-01 -3.90982E-03
  1.47000E+00 -3.51184E+02 -8.21333E+01  1.02480E+02  2.26172E+01 -2.20454E-01 -3.64611E-03
  1.48000E+00 -3.50159E+02 -8.19069E+01  1.02502E+02  2.27275E+01 -2.21090E-01 -3.38205E-03
  1.49000E+00 -3.49134E+02 -8.16793E+01  1.02523E+02  2.28370E+01 -2.21719E-01 -3.11763E-03
  1.50000E+00 -3.48108E+02 -8.14507E+01  1.02544E+02  2.29459E+01 -2.22341E-01 -2.85286E-03
  1.51000E+00 -3.47083E+02 -8.12210E+01  1.02566E+02  2.30542E+01 -2.22954E-01 -2.58772E-03
  1.52000E+00 -3.46057E+02 -8.09901E+01  1.02588E+02  2.31617E+01 -2.23560E-01 -2.32222E-03
  1.53000E+00 -3.45031E+02 -8.07583E+01  1.02610E+02  2.32686E+01 -2.24159E-01 -2.05637E-03
  1.54000E+00 -3.44005E+02 -8.05253E+01  1.02632E+02  2.33747E+01 -2.24750E-01 -1.79014E-03
  1.55000E+00 -3.42979E+02 -8.02913E+01  1.02654E+02  2.34802E+01 -2.25333E-01 -1.52355E-03
  1.56000E+00 -3.41952E+02 -8.00562E+01  1.02677E+02  2.35850E+01 -2.25908E-01 -1.25659E-03
  1.57000E+00 -3.40925E+02 -7.98201E+01  1.02700E+02  2.36891E+01 -2.26476E-01 -9.89260E-04
  1.58000E+00 -3.39898E+02 -7.95830E+01  1.02723E+02  2.37925E+01 -2.27036E-01 -7.21554E-04
  1.59000E+00 -3.38871E+02 -7.93448E+01  1.02746E+02  2.38952E+01 -2.27588E-01 -4.53480E-04
  1.60000E+00 -3.37844E+02 -7.91056E+01  1.02769E+02  2.39972E+01 -2.28132E-01 -1.85038E-04
  1.61000E+00 -3.36816E+02 -7.88654E+01  1.02792E+02  2.40986E+01 -2.28669E-01  8.37791E-05
  1.62000E+00 -3.35788E+02 -7.86241E+01  1.02816E+02  2.41992E+01 -2.29198E-01  3.52990E-04
  1.63000E+00 -3.34760E+02 -7.83819E+01  1.02840E+02  2.42991E+01 -2.29719E-01  6.22580E-04
  1.64000E+00 -3.33731E+02 -7.81386E+01  1.02864E+02  2.43984E+01 -2.30233E-01  8.92548E-04
  1.65000E+00 -3.32702E+02 -7.78944E+01  1.02888E+02  2.44969E+01 -2.30738E-01  1.16290E-03
  1.66000E+00 -3.31674E+02 -7.76492E+01  1.02912E+02  2.45947E+01 -2.31236E-01  1.43364E-03
  1.67000E+00 -3.30644E+02 -7.74030E+01  1.02937E+02  2.46918E+01 -2.31727E-01  1.70475E-03
  1.68000E+00 -3.29615E+02 -7.71559E+01  1.02962E+02  2.47882E+01 -2.32209E-01  1.97627E-03
  1.69000E+00 -3.28585E+02 -7.69077E+01  1.02987E+02  2.48840E+01 -2.32683E-01  2.24818E-03
  1.70000E+00 -3.27555E+02 -7.66587E+01  1.03012E+02  2.49790E+01 -2.33150E-01  2.52048E-03
  1.71000E+00 -3.26525E+02 -7.64086E+01  1.03037E+02  2.50732E+01 -2.33609E-01  2.79317E-03
  1.72000E+00 -3.25495E+02 -7.61577E+01  1.03063E+02  2.51668E+01 -2.34060E-01  3.06626E-03
  1.73000E+00 -3.24464E+02 -7.59058E+01  1.03089E+02  2.52597E+01 -2.34503E-01  3.33975E-03
  1.74000E+00 -3.23433E+02 -7.56529E+01  1.03115E+02  2.53518E+01 -2.34939E-01  3.61363E-03
  1.75000E+00 -3.22402E+02 -7.53992E+01  1.03141E+02  2.54433E+01 -2.35366E-01  3.88793E-03
  1.76000E+00 -3.21370E+02 -7.51445E+01  1.03167E+02  2.55340E+01 -2.35786E-01  4.16261E-03
  1.77000E+00 -3.20339E+02 -7.48890E+01  1.03194E+02  2.56240E+01 -2.36197E-01  4.43772E-03
  1.78000E+00 -3.19307E+02 -7.46325E+01  1.03221E+02  2.57133E+01 -2.36601E-01  4.71323E-03
  1.79000E+00 -3.18274E+02 -7.43751E+01  1.03248E+02  2.58018E+01 -2.36997E-01  4.98915E-03
  1.80000E+00 -3.17242E+02 -7.41169E+01  1.03275E+02  2.58896E+01 -2.37385E-01  5.26548E-03
  1.81000E+00 -3.16209E+02 -7.38578E+01  1.03302E+02  2.59767E+01 -2.37765E-01  5.54221E-03
  1.82000E+00 -3.15176E+02 -7.35978E+01  1.03330E+02  2.60631E+01 -2.38137E-01  5.81937E-03
  1.83000E+00 -3.14143E+02 -7.33370E+01  1.03358E+02  2.61488E+01 -2.38501E-01  6.09694E-03
  1.84000E+00 -3.13109E+02 -7.30753E+01  1.03386E+02  2.62337E+01 -2.38857E-01  6.37495E-03
  1.85000E+00 -3.12075E+02 -7.28127E+01  1.03415E+02  2.63179E+01 -2.39206E-01  6.65338E-03
  1.86000E+00 -3.11041E+02 -7.25493E+01  1.03443E+02  2.64013E+01 -2.39546E-01  6.93223E-03
  1.87000E+00 -3.10006E+02 -7.22851E+01  1.03472E+02  2.64840E+01 -2.39878E-01  7.21150E-03
  1.88000E+00 -3.08972E+02 -7.20201E+01  1.03501E+02  2.65660E+01 -2.40202E-01  7.49121E-03
  1.89000E+00 -3.07936E+02 -7.17542E+01  1.03530E+02  2.66473E+01 -2.40519E-01  7.77133E-03
  1.90000E+00 -3.06901E+02 -7.14875E+01  1.03560E+02  2.67278E+01 -2.40827E-01  8.05189E-03
  1.91000E+00 -3.05865E+02 -7.12200E+01  1.03590E+02  2.68075E+01 -2.41127E-01  8.33289E-03
  1.92000E+00 -3.04829E+02 -7.09518E+01  1.03620E+02  2.68865E+01 -2.41419E-01  8.61434E-03
  1.93000E+00 -3.03793E+02 -7.06827E+01  1.03650E+02  2.69648E+01 -2.41703E-01  8.89621E-03
  1.94000E+00 -3.02757E+02 -7.04129E+01  1.03680E+02  2.70423E+01 -2.41979E-01  9.17854E-03
  1.95000E+00 -3.01720E+02 -7.01422E+01  1.03711E+02  2.71191E+01 -2.42247E-01  9.46131E-03
  1.96000E+00 -3.00683E+02 -6.98709E+01  1.03742E+02  2.71951E+01 -2.42507E-01  9.74452E-03
  1.97000E+00 -2.99645E+02 -6.95987E+01  1.03773E+02  2.72704E+01 -2.42759E-01  1.00282E-02
  1.98000E+00 -2.98607E+02 -6.93258E+01  1.03804E+02  2.73449E+01 -2.43002E-01  1.03123E-02
  1.99000E+00 -2.97569E+02 -6.90522E+01  1.03836E+02  2.74187E+01 -2.43238E-01  1.05968E-02
  2.00000E+00 -2.96531E+02 -6.87778E+01  1.03868E+02  2.74917E+01 -2.43465E-01  1.08819E-02
  2.01000E+00 -2.95492E+02 -6.85027E+01  1.03900E+02  2.75639E+01 -2.43684E-01  1.11674E-02
  2.02000E+00 -2.94453E+02 -6.82269E+01  1.03932E+02  2.76354E+01 -2.43895E-01  1.14533E-02
  2.03000E+00 -2.93413E+02 -6.79504E+01  1.03965E+02  2.77061E+01 -2.44098E-01  1.17397E-02
  2.04000E+00 -2.92374E+02 -6.76731E+01  1.03998E+02  2.77761E+01 -2.44293E-01  1.20266E-02
  2.05000E+00 -2.91334E+02 -6.73952E+01  1.04031E+02  2.78452E+01 -2.44479E-01  1.23139E-02
  2.06000E+00 -2.90293E+02 -6.71166E+01  1.04064E+02  2.79137E+01 -2.44658E-01  1.26017E-02
  2.07000E+00 -2.89253E+02 -6.68373E+01  1.04098E+02  2.79813E+01 -2.44828E-01  1.28900E-02
  2.08000E+00 -2.88211E+02 -6.65573E+01  1.04132E+02  2.80482E+01 -2.44990E-01  1.31787E-02
  2.09000E+00 -2.87170E+02 -6.62767E+01  1.04166E+02  2.81143E+01 -2.45143E-01  1.34680E-02
  2.10000E+00 -2.86128E+02 -6.59954E+01  1.04200E+02  2.81796E+01 -2.45289E-01  1.37577E-02
  2.11000E+00 -2.85086E+02 -6.57134E+01  1.04235E+02  2.82441E+01 -2.45426E-01  1.40479E-02
  2.12000E+00 -2.84044E+02 -6.54308E+01  1.04270E+02  2.83079E+01 -2.45555E-01  1.43386E-02
  2.13000E+00 -2.83001E+02 -6.51476E+01  1.04305E+02  2.83709E+01 -2.45675E-01  1.46298E-02
  2.14000E+00 -2.81958E+02 -6.48637E+01  1.04340E+02  2.84331E+01 -2.45788E-01  1.49215E-02
  2.15000E+00 -2.80914E+02 -6.45792E+01  1.04376E+02  2.84945E+01 -2.45892E-01  1.52136E-02
  2.16000E+00 -2.79871E+02 -6.42941E+01  1.04412E+02  2.85551E+01 -2.45987E-01  1.55063E-02
  2.17000E+00 -2.78826E+02 -6.40084E+01  1.04448E+02  2.86149E+01 -2.46074E-01  1.57995E-02
  2.18000E+00 -2.77782E+02 -6.37221E+01  1.04484E+02  2.86740E+01 -2.46153E-01  1.60931E-02
  2.19000E+00 -2.76737E+02 -6.34352E+01  1.04521E+02  2.87322E+01 -2.46224E-01  1.63873E-02
  2.20000E+00 -2.75692E+02 -6.31478E+01  1.04558E+02  2.87896E+01 -2.46286E-01  1.66820E-02
  2.21000E+00 -2.74646E+02 -6.28597E+01  1.04595E+02  2.88463E+01 -2.46340E-01  1.69772E-02
  2.22000E+00 -2.73600E+02 -6.25711E+01  1.04633E+02  2.89021E+01 -2.46385E-01  1.72729E-02
  2.23000E+00 -2.72553E+02 -6.22820E+01  1.04671E+02  2.89572E+01 -2.46422E-01  1.75692E-02
  2.24000E+00 -2.71507E+02 -6.19923E+01  1.04709E+02  2.90114E+01 -2.46451E-01  1.78659E-02
  2.25000E+00 -2.70460E+02 -6.17020E+01  1.04747E+02  2.90648E+01 -2.46471E-01  1.81632E-02
  2.26000E+00 -2.69412E+02 -6.14113E+01  1.04785E+02  2.91174E+01 -2.46483E-01  1.84610E-02
  2.27000E+00 -2.68364E+02 -6.11200E+01  1.04824E+02  2.91692E+01 -2.46486E-01  1.87593E-02
  2.28000E+00 -2.67316E+02 -6.08281E+01  1.04863E+02  2.92202E+01 -2.46481E-01  1.90582E-02
  2.29000E+00 -2.66267E+02 -6.05358E+01  1.04903E+02  2.92704E+01 -2.46467E-01  1.93576E-02
  2.30000E+00 -2.65218E+02 -6.02430E+01  1.04943E+02  2.93197E+01 -2.46445E-01  1.96576E-02
  2.31000E+00 -2.64168E+02 -5.99497E+01  1.04982E+02  2.93683E+01 -2.46414E-01  1.99581E-02
  2.32000E+00 -2.63118E+02 -5.96559E+01  1.05023E+02  2.94160E+01 -2.46375E-01  2.02591E-02
  2.33000E+00 -2.62068E+02 -5.93616E+01  1.05063E+02  2.94628E+01 -2.46327E-01  2.05607E-02
  2.34000E+00 -2.61017E+02 -5.90669E+01  1.05104E+02  2.95089E+01 -2.46270E-01  2.08629E-02
  2.35000E+00 -2.59966E+02 -5.87717E+01  1.05145E+02  2.95541E+01 -2.46205E-01  2.11656E-02
  2.36000E+00 -2.58915E+02 -5.84760E+01  1.05186E+02  2.95985E+01 -2.46131E-01  2.14688E-02
  2.37000E+00 -2.57863E+02 -5.81799E+01  1.05228E+02  2.96421E+01 -2.46049E-01  2.17727E-02
  2.38000E+00 -2.56810E+02 -5.78834E+01  1.05270E+02  2.96848E+01 -2.45958E-01  2.20770E-02
  2.39000E+00 -2.55758E+02 -5.75865E+01  1.05312E+02  2.97266E+01 -2.45859E-01  2.23820E-02
  2.40000E+00 -2.54704E+02 -5.72891E+01  1.05354E+02  2.97677E+01 -2.45751E-01  2.26875E-02
  2.41000E+00 -2.53651E+02 -5.69913E+01  1.05397E+02  2.98079E+01 -2.45634E-01  2.29937E-02
  2.42000E+00 -2.52597E+02 -5.66931E+01  1.05440E+02  2.98472E+01 -2.45508E-01  2.33004E-02
  2.43000E+00 -2.51542E+02 -5.63946E+01  1.05483E+02  2.98857E+01 -2.45374E-01  2.36076E-02
  2.44000E+00 -2.50487E+02 -5.60956E+01  1.05527E+02  2.99233E+01 -2.45231E-01  2.39155E-02
  2.45000E+00 -2.49432E+02 -5.57963E+01  1.05571E+02  2.99601E+01 -2.45080E-01  2.42240E-02
  2.46000E+00 -2.48376E+02 -5.54966E+01  1.05615E+02  2.99960E+01 -2.44919E-01  2.45330E-02
  2.47000E+00 -2.47320E+02 -5.51966E+01  1.05659E+02  3.00311E+01 -2.44750E-01  2.48427E-02
  2.48000E+00 -2.46263E+02 -5.48962E+01  1.05704E+02  3.00653E+01 -2.44572E-01  2.51530E-02
  2.49000E+00 -2.45206E+02 -5.45954E+01  1.05749E+02  3.00986E+01 -2.44385E-01  2.54638E-02
  2.50000E+00 -2.44148E+02 -5.42944E+01  1.05794E+02  3.01311E+01 -2.44190E-01  2.57753E-02
  2.51000E+00 -2.43090E+02 -5.39930E+01  1.05840E+02  3.01627E+01 -2.43985E-01  2.60874E-02
  2.52000E+00 -2.42032E+02 -5.36913E+01  1.05886E+02  3.01934E+01 -2.43772E-01  2.64002E-02
  2.53000E+00 -2.40973E+02 -5.33893E+01  1.05932E+02  3.02232E+01 -2.43550E-01  2.67135E-02
  2.54000E+00 -2.39913E+02 -5.30870E+01  1.05978E+02  3.02522E+01 -2.43319E-01  2.70275E-02
  2.55000E+00 -2.38854E+02 -5.27844E+01  1.06025E+02  3.02803E+01 -2.43079E-01  2.73421E-02
  2.56000E+00 -2.37793E+02 -5.24815E+01  1.06072E+02  3.03075E+01 -2.42830E-01  2.76573E-02
  2.57000E+00 -2.36732E+02 -5.21784E+01  1.06119E+02  3.03338E+01 -2.42573E-01  2.79732E-02
  2.58000E+00 -2.35671E+02 -5.18750E+01  1.06167E+02  3.03592E+01 -2.42306E-01  2.82898E-02
  2.59000E+00 -2.34609E+02 -5.15713E+01  1.06215E+02  3.03837E+01 -2.42030E-01  2.86070E-02
  2.60000E+00 -2.33547E+02 -5.12675E+01  1.06263E+02  3.04073E+01 -2.41746E-01  2.89248E-02
  2.61000E+00 -2.32484E+02 -5.09633E+01  1.06312E+02  3.04301E+01 -2.41452E-01  2.92433E-02
  2.62000E+00 -2.31421E+02 -5.06590E+01  1.06360E+02  3.04519E+01 -2.41149E-01  2.95625E-02
  2.63000E+00 -2.30357E+02 -5.03544E+01  1.06409E+02  3.04728E+01 -2.40838E-01  2.98823E-02
  2.64000E+00 -2.29293E+02 -5.00496E+01  1.06459E+02  3.04928E+01 -2.40517E-01  3.02029E-02
  2.65000E+00 -2.28229E+02 -4.97447E+01  1.06508E+02  3.05120E+01 -2.40187E-01  3.05240E-02
  2.66000E+00 -2.27163E+02 -4.94395E+01  1.06558E+02  3.05301E+01 -2.39848E-01  3.08459E-02
  2.67000E+00 -2.26098E+02 -4.91341E+01  1.06608E+02  3.05474E+01 -2.39500E-01  3.11685E-02
  2.68000E+00 -2.25031E+02 -4.88286E+01  1.06659E+02  3.05638E+01 -2.39143E-01  3.14917E-02
  2.69000E+00 -2.23965E+02 -4.85230E+01  1.06710E+02  3.05792E+01 -2.38777E-01  3.18157E-02
  2.70000E+00 -2.22898E+02 -4.82171E+01  1.06761E+02  3.05937E+01 -2.38401E-01  3.21404E-02
  2.71000E+00 -2.21830E+02 -4.79112E+01  1.06812E+02  3.06073E+01 -2.38017E-01  3.24657E-02
  2.72000E+00 -2.20762E+02 -4.76051E+01  1.06864E+02  3.06199E+01 -2.37623E-01  3.27918E-02
  2.73000E+00 -2.19693E+02 -4.72988E+01  1.06916E+02  3.06316E+01 -2.37220E-01  3.31186E-02
  2.74000E+00 -2.18624E+02 -4.69925E+01  1.06968E+02  3.06424E+01 -2.36807E-01  3.34461E-02
  2.75000E+00 -2.17554E+02 -4.66860E+01  1.07021E+02  3.06522E+01 -2.36386E-01  3.37744E-02
  2.76000E+00 -2.16483E+02 -4.63795E+01  1.07073E+02  3.06611E+01 -2.35955E-01  3.41034E-02
  2.77000E+00 -2.15413E+02 -4.60729E+01  1.07127E+02  3.06691E+01 -2.35515E-01  3.44331E-02
  2.78000E+00 -2.14341E+02 -4.57662E+01  1.07180E+02  3.06761E+01 -2.35065E-01  3.47636E-02
  2.79000E+00 -2.13269E+02 -4.54594E+01  1.07234E+02  3.06821E+01 -2.34606E-01  3.50948E-02
  2.80000E+00 -2.12197E+02 -4.51526E+01  1.07288E+02  3.06872E+01 -2.34138E-01  3.54268E-02
  2.81000E+00 -2.11124E+02 -4.48457E+01  1.07342E+02  3.06913E+01 -2.33660E-01  3.57595E-02
  2.82000E+00 -2.10050E+02 -4.45388E+01  1.07396E+02  3.06944E+01 -2.33173E-01  3.60930E-02
  2.83000E+00 -2.08976E+02 -4.42318E+01  1.07451E+02  3.06966E+01 -2.32676E-01  3.64273E-02
  2.84000E+00 -2.07901E+02 -4.39249E+01  1.07507E+02  3.06978E+01 -2.32170E-01  3.67624E-02
  2.85000E+00 -2.06826E+02 -4.36179E+01  1.07562E+02  3.06980E+01 -2.31655E-01  3.70983E-02
  2.86000E+00 -2.05751E+02 -4.33109E+01  1.07618E+02  3.06973E+01 -2.31130E-01  3.74349E-02
  2.87000E+00 -2.04674E+02 -4.30039E+01  1.07674E+02  3.06956E+01 -2.30595E-01  3.77724E-02
  2.88000E+00 -2.03597E+02 -4.26970E+01  1.07730E+02  3.06929E+01 -2.30051E-01  3.81107E-02
  2.89000E+00 -2.02520E+02 -4.23901E+01  1.07787E+02  3.06891E+01 -2.29497E-01  3.84498E-02
  2.90000E+00 -2.01442E+02 -4.20832E+01  1.07844E+02  3.06845E+01 -2.28934E-01  3.87897E-02
  2.91000E+00 -2.00363E+02 -4.17764E+01  1.07901E+02  3.06788E+01 -2.28361E-01  3.91304E-02
  2.92000E+00 -1.99284E+02 -4.14696E+01  1.07958E+02  3.06721E+01 -2.27778E-01  3.94719E-02
  2.93000E+00 -1.98205E+02 -4.11629E+01  1.08016E+02  3.06644E+01 -2.27186E-01  3.98143E-02
  2.94000E+00 -1.97124E+02 -4.08563E+01  1.08074E+02  3.06557E+01 -2.26584E-01  4.01576E-02
  2.95000E+00 -1.96043E+02 -4.05498E+01  1.08132E+02  3.06459E+01 -2.25972E-01  4.05017E-02
  2.96000E+00 -1.94962E+02 -4.02433E+01  1.08191E+02  3.06352E+01 -2.25351E-01  4.08466E-02
  2.97000E+00 -1.93880E+02 -3.99370E+01  1.08250E+02  3.06235E+01 -2.24720E-01  4.11924E-02
  2.98000E+00 -1.92797E+02 -3.96308E+01  1.08309E+02  3.06107E+01 -2.24079E-01  4.15392E-02
  2.99000E+00 -1.91714E+02 -3.93247E+01  1.08368E+02  3.05969E+01 -2.23428E-01  4.18867E-02
  3.00000E+00 -1.90630E+02 -3.90188E+01  1.08428E+02  3.05821E+01 -2.22767E-01  4.22352E-02
  3.01000E+00 -1.89546E+02 -3.87130E+01  1.08488E+02  3.05662E+01 -2.22096E-01  4.25846E-02
  3.02000E+00 -1.88461E+02 -3.84074E+01  1.08549E+02  3.05493E+01 -2.21416E-01  4.29349E-02
  3.03000E+00 -1.87375E+02 -3.81020E+01  1.08609E+02  3.05313E+01 -2.20725E-01  4.32861E-02
  3.04000E+00 -1.86289E+02 -3.77967E+01  1.08670E+02  3.05123E+01 -2.20025E-01  4.36382E-02
  3.05000E+00 -1.85202E+02 -3.74916E+01  1.08731E+02  3.04923E+01 -2.19314E-01  4.39913E-02
  3.06000E+00 -1.84115E+02 -3.71868E+01  1.08793E+02  3.04712E+01 -2.18594E-01  4.43453E-02
  3.07000E+00 -1.83027E+02 -3.68821E+01  1.08854E+02  3.04490E+01 -2.17863E-01  4.47003E-02
  3.08000E+00 -1.81938E+02 -3.65777E+01  1.08916E+02  3.04258E+01 -2.17122E-01  4.50562E-02
  3.09000E+00 -1.80849E+02 -3.62735E+01  1.08979E+02  3.04015E+01 -2.16372E-01  4.54130E-02
  3.10000E+00 -1.79759E+02 -3.59695E+01  1.09041E+02  3.03762E+01 -2.15611E-01  4.57709E-02
  3.11000E+00 -1.78668E+02 -3.56658E+01  1.09104E+02  3.03497E+01 -2.14839E-01  4.61297E-02
  3.12000E+00 -1.77577E+02 -3.53624E+01  1.09167E+02  3.03222E+01 -2.14058E-01  4.64896E-02
  3.13000E+00 -1.76485E+02 -3.50593E+01  1.09230E+02  3.02936E+01 -2.13267E-01  4.68504E-02
  3.14000E+00 -1.75393E+02 -3.47564E+01  1.09294E+02  3.02639E+01 -2.12465E-01  4.72122E-02
  3.15000E+00 -1.74300E+02 -3.44539E+01  1.09358E+02  3.02331E+01 -2.11653E-01  4.75751E-02
  3.16000E+00 -1.73206E+02 -3.41516E+01  1.09422E+02  3.02013E+01 -2.10830E-01  4.79390E-02
  3.17000E+00 -1.72111E+02 -3.38497E+01  1.09487E+02  3.01683E+01 -2.09997E-01  4.83039E-02
  3.18000E+00 -1.71016E+02 -3.35481E+01  1.09551E+02  3.01342E+01 -2.09154E-01  4.86699E-02
  3.19000E+00 -1.69921E+02 -3.32468E+01  1.09616E+02  3.00990E+01 -2.08300E-01  4.90370E-02
  3.20000E+00 -1.68824E+02 -3.29459E+01  1.09681E+02  3.00627E+01 -2.07436E-01  4.94051E-02
  3.21000E+00 -1.67728E+02 -3.26454E+01  1.09747E+02  3.00252E+01 -2.06561E-01  4.97744E-02
  3.22000E+00 -1.66630E+02 -3.23453E+01  1.09813E+02  2.99867E+01 -2.05676E-01  5.01447E-02
  3.23000E+00 -1.65532E+02 -3.20455E+01  1.09879E+02  2.99470E+01 -2.04780E-01  5.05161E-02
  3.24000E+00 -1.64433E+02 -3.17461E+01  1.09945E+02  2.99061E+01 -2.03874E-01  5.08887E-02
  3.25000E+00 -1.63333E+02 -3.14472E+01  1.10011E+02  2.98642E+01 -2.02957E-01  5.12623E-02
  3.26000E+00 -1.62233E+02 -3.11486E+01  1.10078E+02  2.98210E+01 -2.02029E-01  5.16371E-02
  3.27000E+00 -1.61132E+02 -3.08505E+01  1.10145E+02  2.97768E+01 -2.01090E-01  5.20131E-02
  3.28000E+00 -1.60030E+02 -3.05529E+01  1.10213E+02  2.97314E+01 -2.00141E-01  5.23902E-02
  3.29000E+00 -1.58928E+02 -3.02557E+01  1.10280E+02  2.96848E+01 -1.99181E-01  5.27685E-02
  3.30000E+00 -1.57825E+02 -2.99590E+01  1.10348E+02  2.96370E+01 -1.98210E-01  5.31480E-02
  3.31000E+00 -1.56721E+02 -2.96627E+01  1.10416E+02  2.95881E+01 -1.97228E-01  5.35287E-02
  3.32000E+00 -1.55617E+02 -2.93670E+01  1.10484E+02  2.95380E+01 -1.96236E-01  5.39107E-02
  3.33000E+00 -1.54512E+02 -2.90717E+01  1.10553E+02  2.94867E+01 -1.95232E-01  5.42939E-02
  3.34000E+00 -1.53406E+02 -2.87770E+01  1.10622E+02  2.94343E+01 -1.94217E-01  5.46783E-02
  3.35000E+00 -1.52300E+02 -2.84828E+01  1.10691E+02  2.93806E+01 -1.93192E-01  5.50640E-02
  3.36000E+00 -1.51193E+02 -2.81891E+01  1.10760E+02  2.93258E+01 -1.92155E-01  5.54509E-02
  3.37000E+00 -1.50085E+02 -2.78960E+01  1.10829E+02  2.92698E+01 -1.91107E-01  5.58391E-02
  3.38000E+00 -1.48977E+02 -2.76035E+01  1.10899E+02  2.92125E+01 -1.90048E-01  5.62286E-02
  3.39000E+00 -1.47868E+02 -2.73115E+01  1.10969E+02  2.91540E+01 -1.88977E-01  5.66195E-02
  3.40000E+00 -1.46758E+02 -2.70201E+01  1.11039E+02  2.90944E+01 -1.87896E-01  5.70117E-02
  3.41000E+00 -1.45647E+02 -2.67293E+01  1.11110E+02  2.90334E+01 -1.86803E-01  5.74052E-02
  3.42000E+00 -1.44536E+02 -2.64391E+01  1.11180E+02  2.89713E+01 -1.85698E-01  5.78002E-02
  3.43000E+00 -1.43424E+02 -2.61496E+01  1.11251E+02  2.89079E+01 -1.84583E-01  5.81964E-02
  3.44000E+00 -1.42311E+02 -2.58607E+01  1.11322E+02  2.88433E+01 -1.83455E-01  5.85941E-02
  3.45000E+00 -1.41198E+02 -2.55724E+01  1.11394E+02  2.87775E+01 -1.82317E-01  5.89932E-02
  3.46000E+00 -1.40084E+02 -2.52848E+01  1.11465E+02  2.87104E+01 -1.81166E-01  5.93938E-02
  3.47000E+00 -1.38969E+02 -2.49979E+01  1.11537E+02  2.86420E+01 -1.80004E-01  5.97958E-02
  3.48000E+00 -1.37853E+02 -2.47116E+01  1.11609E+02  2.85724E+01 -1.78831E-01  6.01992E-02
  3.49000E+00 -1.36737E+02 -2.44261E+01  1.11681E+02  2.85015E+01 -1.77646E-01  6.06042E-02
  3.50000E+00 -1.35620E+02 -2.41412E+01  1.11753E+02  2.84293E+01 -1.76449E-01  6.10107E-02
  3.51000E+00 -1.34502E+02 -2.38571E+01  1.11826E+02  2.83558E+01 -1.75240E-01  6.14187E-02
  3.52000E+00 -1.33384E+02 -2.35738E+01  1.11899E+02  2.82811E+01 -1.74019E-01  6.18283E-02
  3.53000E+00 -1.32265E+02 -2.32911E+01  1.11972E+02  2.82050E+01 -1.72786E-01  6.22394E-02
  3.54000E+00 -1.31145E+02 -2.30093E+01  1.12045E+02  2.81277E+01 -1.71542E-01  6.26521E-02
  3.55000E+00 -1.30024E+02 -2.27282E+01  1.12118E+02  2.80490E+01 -1.70285E-01  6.30664E-02
  3.56000E+00 -1.28903E+02 -2.24479E+01  1.12192E+02  2.79690E+01 -1.69016E-01  6.34824E-02
  3.57000E+00 -1.27781E+02 -2.21684E+01  1.12266E+02  2.78877E+01 -1.67735E-01  6.39000E-02
  3.58000E+00 -1.26658E+02 -2.18898E+01  1.12340E+02  2.78051E+01 -1.66442E-01  6.43193E-02
  3.59000E+00 -1.25535E+02 -2.16119E+01  1.12414E+02  2.77211E+01 -1.65137E-01  6.47403E-02
  3.60000E+00 -1.24410E+02 -2.13349E+01  1.12488E+02  2.76358E+01 -1.63819E-01  6.51630E-02
  3.61000E+00 -1.23285E+02 -2.10588E+01  1.12563E+02  2.75492E+01 -1.62488E-01  6.55875E-02
  3.62000E+00 -1.22159E+02 -2.07835E+01  1.12638E+02  2.74612E+01 -1.61146E-01  6.60138E-02
  3.63000E+00 -1.21033E+02 -2.05091E+01  1.12713E+02  2.73718E+01 -1.59790E-01  6.64419E-02
  3.64000E+00 -1.19906E+02 -2.02357E+01  1.12788E+02  2.72811E+01 -1.58422E-01  6.68719E-02
  3.65000E+00 -1.18777E+02 -1.99631E+01  1.12863E+02  2.71890E+01 -1.57042E-01  6.73037E-02
  3.66000E+00 -1.17649E+02 -1.96914E+01  1.12938E+02  2.70955E+01 -1.55648E-01  6.77374E-02
  3.67000E+00 -1.16519E+02 -1.94207E+01  1.13014E+02  2.70006E+01 -1.54242E-01  6.81730E-02
  3.68000E+00 -1.15389E+02 -1.91509E+01  1.13090E+02  2.69043E+01 -1.52823E-01  6.86105E-02
  3.69000E+00 -1.14258E+02 -1.88822E+01  1.13165E+02  2.68066E+01 -1.51391E-01  6.90501E-02
  3.70000E+00 -1.13126E+02 -1.86143E+01  1.13241E+02  2.67075E+01 -1.49945E-01  6.94917E-02
  3.71000E+00 -1.11993E+02 -1.83475E+01  1.13318E+02  2.66070E+01 -1.48487E-01  6.99353E-02
  3.72000E+00 -1.10860E+02 -1.80817E+01  1.13394E+02  2.65050E+01 -1.47015E-01  7.03810E-02
  3.73000E+00 -1.09726E+02 -1.78169E+01  1.13470E+02  2.64016E+01 -1.45530E-01  7.08288E-02
  3.74000E+00 -1.08591E+02 -1.75532E+01  1.13547E+02  2.62968E+01 -1.44032E-01  7.12788E-02
  3.75000E+00 -1.07455E+02 -1.72905E+01  1.13624E+02  2.61905E+01 -1.42520E-01  7.17310E-02
  3.76000E+00 -1.06319E+02 -1.70288E+01  1.13701E+02  2.60827E+01 -1.40995E-01  7.21854E-02
  3.77000E+00 -1.05182E+02 -1.67683E+01  1.13778E+02  2.59735E+01 -1.39456E-01  7.26422E-02
  3.78000E+00 -1.04044E+02 -1.65088E+01  1.13855E+02  2.58627E+01 -1.37903E-01  7.31012E-02
  3.79000E+00 -1.02905E+02 -1.62505E+01  1.13932E+02  2.57505E+01 -1.36336E-01  7.35625E-02
  3.80000E+00 -1.01766E+02 -1.59933E+01  1.14009E+02  2.56368E+01 -1.34755E-01  7.40263E-02
  3.81000E+00 -1.00625E+02 -1.57372E+01  1.14087E+02  2.55216E+01 -1.33161E-01  7.44925E-02
  3.82000E+00 -9.94842E+01 -1.54823E+01  1.14164E+02  2.54049E+01 -1.31552E-01  7.49612E-02
  3.83000E+00 -9.83424E+01 -1.52285E+01  1.14242E+02  2.52867E+01 -1.29929E-01  7.54325E-02
  3.84000E+00 -9.71998E+01 -1.49759E+01  1.14320E+02  2.51669E+01 -1.28291E-01  7.59063E-02
  3.85000E+00 -9.60564E+01 -1.47246E+01  1.14398E+02  2.50456E+01 -1.26639E-01  7.63828E-02
  3.86000E+00 -9.49123E+01 -1.44744E+01  1.14475E+02  2.49227E+01 -1.24973E-01  7.68620E-02
  3.87000E+00 -9.37673E+01 -1.42255E+01  1.14554E+02  2.47983E+01 -1.23291E-01  7.73439E-02
  3.88000E+00 -9.26216E+01 -1.39778E+01  1.14632E+02  2.46723E+01 -1.21595E-01  7.78287E-02
  3.89000E+00 -9.14751E+01 -1.37314E+01  1.14710E+02  2.45447E+01 -1.19884E-01  7.83163E-02
  3.90000E+00 -9.03278E+01 -1.34863E+01  1.14788E+02  2.44155E+01 -1.18158E-01  7.88069E-02
  3.91000E+00 -8.91798E+01 -1.32425E+01  1.14866E+02  2.42847E+01 -1.16417E-01  7.93005E-02
  3.92000E+00 -8.80309E+01 -1.30000E+01  1.14945E+02  2.41523E+01 -1.14660E-01  7.97971E-02
  3.93000E+00 -8.68813E+01 -1.27588E+01  1.15023E+02  2.40183E+01 -1.12888E-01  8.02968E-02
  3.94000E+00 -8.57309E+01 -1.25190E+01  1.15102E+02  2.38826E+01 -1.11100E-01  8.07997E-02
  3.95000E+00 -8.45797E+01 -1.22805E+01  1.15180E+02  2.37453E+01 -1.09297E-01  8.13060E-02
  3.96000E+00 -8.34277E+01 -1.20434E+01  1.15259E+02  2.36064E+01 -1.07477E-01  8.18156E-02
  3.97000E+00 -8.22749E+01 -1.18077E+01  1.15338E+02  2.34657E+01 -1.05642E-01  8.23286E-02
  3.98000E+00 -8.11213E+01 -1.15734E+01  1.15416E+02  2.33234E+01 -1.03790E-01  8.28452E-02
  3.99000E+00 -7.99670E+01 -1.13405E+01  1.15495E+02  2.31794E+01 -1.01922E-01  8.33654E-02
  4.00000E+00 -7.88119E+01 -1.11091E+01  1.15574E+02  2.30337E+01 -1.00037E-01  8.38893E-02
  4.01000E+00 -7.76560E+01 -1.08791E+01  1.15652E+02  2.28863E+01 -9.81356E-02  8.44170E-02
  4.02000E+00 -7.64992E+01 -1.06506E+01  1.15731E+02  2.27371E+01 -9.62172E-02  8.49486E-02
  4.03000E+00 -7.53418E+01 -1.04236E+01  1.15810E+02  2.25862E+01 -9.42818E-02  8.54842E-02
  4.04000E+00 -7.41835E+01 -1.01981E+01  1.15889E+02  2.24336E+01 -9.23290E-02  8.60240E-02
  4.05000E+00 -7.30244E+01 -9.97419E+00  1.15967E+02  2.22792E+01 -9.03587E-02  8.65680E-02
  4.06000E+00 -7.18646E+01 -9.75179E+00  1.16046E+02  2.21229E+01 -8.83706E-02  8.71164E-02
  4.07000E+00 -7.07039E+01 -9.53096E+00  1.16125E+02  2.19649E+01 -8.63647E-02  8.76693E-02
  4.08000E+00 -6.95425E+01 -9.31171E+00  1.16203E+02  2.18051E+01 -8.43405E-02  8.82269E-02
  4.09000E+00 -6.83803E+01 -9.09407E+00  1.16282E+02  2.16435E+01 -8.22980E-02  8.87892E-02
  4.10000E+00 -6.72173E+01 -8.87804E+00  1.16361E+02  2.14800E+01 -8.02367E-02  8.93565E-02
  4.11000E+00 -6.60535E+01 -8.66366E+00  1.16439E+02  2.13146E+01 -7.81566E-02  8.99289E-02
  4.12000E+00 -6.48890E+01 -8.45093E+00  1.16518E+02  2.11474E+01 -7.60573E-02  9.05065E-02
  4.13000E+00 -6.37236E+01 -8.23988E+00  1.16596E+02  2.09783E+01 -7.39385E-02  9.10896E-02
  4.14000E+00 -6.25575E+01 -8.03053E+00  1.16675E+02  2.08072E+01 -7.18000E-02  9.16783E-02
  4.15000E+00 -6.13905E+01 -7.82289E+00  1.16753E+02  2.06343E+01 -6.96414E-02  9.22729E-02
  4.16000E+00 -6.02228E+01 -7.61699E+00  1.16831E+02  2.04594E+01 -6.74625E-02  9.28735E-02
  4.17000E+00 -5.90543E+01 -7.41284E+00  1.16909E+02  2.02825E+01 -6.52628E-02  9.34804E-02
  4.18000E+00 -5.78851E+01 -7.21047E+00  1.16987E+02  2.01037E+01 -6.30421E-02  9.40939E-02
  4.19000E+00 -5.67150E+01 -7.00988E+00  1.17065E+02  1.99229E+01 -6.07999E-02  9.47141E-02
  4.20000E+00 -5.55442E+01 -6.81112E+00  1.17143E+02  1.97400E+01 -5.85360E-02  9.53414E-02
  4.21000E+00 -5.43726E+01 -6.61418E+00  1.17221E+02  1.95551E+01 -5.62498E-02  9.59762E-02
  4.22000E+00 -5.32002E+01 -6.41910E+00  1.17299E+02  1.93681E+01 -5.39409E-02  9.66186E-02
  4.23000E+00 -5.20270E+01 -6.22589E+00  1.17376E+02  1.91791E+01 -5.16089E-02  9.72691E-02
  4.24000E+00 -5.08531E+01 -6.03458E+00  1.17453E+02  1.89879E+01 -4.92534E-02  9.79280E-02
  4.25000E+00 -4.96784E+01 -5.84518E+00  1.17531E+02  1.87946E+01 -4.68736E-02  9.85957E-02
  4.26000E+00 -4.85029E+01 -5.65773E+00  1.17608E+02  1.85991E+01 -4.44692E-02  9.92727E-02
  4.27000E+00 -4.73267E+01 -5.47223E+00  1.17685E+02  1.84015E+01 -4.20395E-02  9.99595E-02
  4.28000E+00 -4.61497E+01 -5.28872E+00  1.17761E+02  1.82016E+01 -3.95840E-02  1.00656E-01
  4.29000E+00 -4.49719E+01 -5.10721E+00  1.17838E+02  1.79995E+01 -3.71019E-02  1.01364E-01
  4.30000E+00 -4.37934E+01 -4.92773E+00  1.17914E+02  1.77952E+01 -3.45926E-02  1.02084E-01
  4.31000E+00 -4.26140E+01 -4.75030E+00  1.17990E+02  1.75885E+01 -3.20552E-02  1.02815E-01
  4.32000E+00 -4.14340E+01 -4.57494E+00  1.18066E+02  1.73795E+01 -2.94890E-02  1.03559E-01
  4.33000E+00 -4.02531E+01 -4.40167E+00  1.18142E+02  1.71681E+01 -2.68930E-02  1.04318E-01
  4.34000E+00 -3.90716E+01 -4.23053E+00  1.18218E+02  1.69544E+01 -2.42663E-02  1.05090E-01
  4.35000E+00 -3.78892E+01 -4.06152E+00  1.18293E+02  1.67381E+01 -2.16079E-02  1.05879E-01
  4.36000E+00 -3.67061E+01 -3.89469E+00  1.18368E+02  1.65194E+01 -1.89165E-02  1.06684E-01
  4.37000E+00 -3.55222E+01 -3.73005E+00  1.18443E+02  1.62982E+01 -1.61911E-02  1.07507E-01
  4.38000E+00 -3.43376E+01 -3.56763E+00  1.18517E+02  1.60744E+01 -1.34301E-02  1.08350E-01
  4.39000E+00 -3.31523E+01 -3.40745E+00  1.18591E+02  1.58480E+01 -1.06322E-02  1.09215E-01
  4.40000E+00 -3.19662E+01 -3.24954E+00  1.18665E+02  1.56189E+01 -7.79544E-03  1.10102E-01
  4.41000E+00 -3.07794E+01 -3.09394E+00  1.18739E+02  1.53871E+01 -4.91829E-03  1.11015E-01
  4.42000E+00 -2.95918E+01 -2.94065E+00  1.18813E+02  1.51525E+01 -1.99842E-03  1.11956E-01
  4.43000E+00 -2.84036E+01 -2.78972E+00  1.18886E+02  1.49151E+01  9.66295E-04  1.12927E-01
  4.44000E+00 -2.72145E+01 -2.64117E+00  1.18958E+02  1.46748E+01  3.97868E-03  1.13934E-01
  4.45000E+00 -2.60248E+01 -2.49503E+00  1.19031E+02  1.44314E+01  7.04152E-03  1.14978E-01
  4.46000E+00 -2.48343E+01 -2.35133E+00  1.19103E+02  1.41850E+01  1.01584E-02  1.16066E-01
  4.47000E+00 -2.36432E+01 -2.21011E+00  1.19175E+02  1.39355E+01  1.33331E-02  1.17204E-01
  4.48000E+00 -2.24512E+01 -2.07139E+00  1.19246E+02  1.36826E+01  1.65704E-02  1.18399E-01
  4.49000E+00 -2.12586E+01 -1.93520E+00  1.19317E+02  1.34265E+01  1.98754E-02  1.19659E-01
  4.50000E+00 -2.00653E+01 -1.80159E+00  1.19388E+02  1.31668E+01  2.32547E-02  1.20997E-01
  4.51000E+00 -1.88713E+01 -1.67058E+00  1.19458E+02  1.29035E+01  2.67156E-02  1.22428E-01
  4.52000E+00 -1.76765E+01 -1.54221E+00  1.19528E+02  1.26364E+01  3.02677E-02  1.23970E-01
  4.53000E+00 -1.64811E+01 -1.41653E+00  1.19597E+02  1.23653E+01  3.39218E-02  1.25649E-01
  4.54000E+00 -1.52850E+01 -1.29356E+00  1.19666E+02  1.20900E+01  3.76923E-02  1.27500E-01
  4.55000E+00 -1.40882E+01 -1.17336E+00  1.19735E+02  1.18104E+01  4.15967E-02  1.29572E-01
  4.56000E+00 -1.28907E+01 -1.05596E+00  1.19803E+02  1.15260E+01  4.56582E-02  1.31936E-01
  4.57000E+00 -1.16925E+01 -9.41426E-01  1.19870E+02  1.12365E+01  4.99070E-02  1.34697E-01
  4.58000E+00 -1.04937E+01 -8.29795E-01  1.19938E+02  1.09416E+01  5.43843E-02  1.38021E-01
  4.59000E+00 -9.29416E+00 -7.21132E-01  1.20004E+02  1.06405E+01  5.91474E-02  1.42182E-01
  4.60000E+00 -8.09395E+00 -6.15492E-01  1.20071E+02  1.03327E+01  6.42799E-02  1.47668E-01
  4.61000E+00 -6.89308E+00 -5.12948E-01  1.20137E+02  1.00172E+01  6.99077E-02  1.55412E-01
  4.62000E+00 -5.69159E+00 -4.13585E-01  1.20202E+02  9.69258E+00  7.62328E-02  1.67425E-01
  4.63000E+00 -4.48940E+00 -3.17491E-01  1.20268E+02  9.35697E+00  8.36036E-02  1.88754E-01
  4.64000E+00 -3.28661E+00 -2.24789E-01  1.20333E+02  9.00735E+00  9.26793E-02  2.35354E-01
  4.65000E+00 -2.08311E+00 -1.35623E-01  1.20398E+02  8.63848E+00  1.04729E-01  3.82344E-01
  4.66000E+00 -8.79011E-01 -5.02125E-02  1.20464E+02  8.24219E+00  1.19465E-01  1.54309E+00
  4.67000E+00  3.25795E-01  3.11575E-02  1.20530E+02  7.81287E+00  1.35161E-01  1.12968E+01
