0.0000000000000000e+00 1.0000000000000000e+01 0.0000000000000000e+00 
1.0000000000000000e-02 9.9997530000000000e+00 -9.8800000000000016e-02 
2.0000000000000000e-02 9.9985180000000000e+00 -1.9760000000000004e-01 
3.0000000000000000e-02 9.9962950000000016e+00 -2.9640000000000004e-01 
4.0000000000000000e-02 9.9930840000000032e+00 -3.9520000000000008e-01 
5.0000000000000000e-02 9.9888850000000016e+00 -4.9400000000000008e-01 
6.0000000000000000e-02 9.9836980000000000e+00 -5.9280000000000008e-01 
7.0000000000000008e-02 9.9775230000000000e+00 -6.9160000000000008e-01 
8.0000000000000000e-02 9.9703600000000000e+00 -7.9040000000000016e-01 
9.0000000000000000e-02 9.9622090000000000e+00 -8.8920000000000016e-01 
1.0000000000000000e-01 9.9530700000000000e+00 -9.8800000000000016e-01 
1.1000000000000000e-01 9.9429430000000016e+00 -1.0868000000000002e+00 
1.2000000000000000e-01 9.9318280000000032e+00 -1.1856000000000004e+00 
1.3000000000000000e-01 9.9197250000000016e+00 -1.2844000000000006e+00 
1.4000000000000002e-01 9.9066340000000000e+00 -1.3832000000000008e+00 
1.5000000000000000e-01 9.8925550000000000e+00 -1.4820000000000010e+00 
1.6000000000000000e-01 9.8774880000000000e+00 -1.5808000000000014e+00 
1.7000000000000002e-01 9.8614330000000000e+00 -1.6796000000000016e+00 
1.8000000000000000e-01 9.8443900000000000e+00 -1.7784000000000018e+00 
1.9000000000000000e-01 9.8263590000000016e+00 -1.8772000000000020e+00 
2.0000000000000000e-01 9.8073400000000016e+00 -1.9760000000000020e+00 
2.1000000000000000e-01 9.7873330000000000e+00 -2.0748000000000020e+00 
2.2000000000000000e-01 9.7663380000000000e+00 -2.1736000000000016e+00 
2.3000000000000000e-01 9.7443549999999984e+00 -2.2724000000000016e+00 
2.4000000000000000e-01 9.7213839999999984e+00 -2.3712000000000012e+00 
2.5000000000000000e-01 9.6974249999999984e+00 -2.4700000000000012e+00 
2.6000000000000000e-01 9.6724780000000000e+00 -2.5688000000000008e+00 
2.7000000000000000e-01 9.6465430000000016e+00 -2.6676000000000008e+00 
2.8000000000000004e-01 9.6196200000000016e+00 -2.7664000000000004e+00 
2.9000000000000000e-01 9.5917090000000000e+00 -2.8652000000000000e+00 
3.0000000000000000e-01 9.5628099999999984e+00 -2.9640000000000000e+00 
3.1000000000000000e-01 9.5329229999999984e+00 -3.0627999999999996e+00 
3.2000000000000000e-01 9.5020479999999984e+00 -3.1615999999999996e+00 
3.3000000000000000e-01 9.4701849999999984e+00 -3.2603999999999992e+00 
3.4000000000000004e-01 9.4373340000000000e+00 -3.3591999999999992e+00 
3.4999999999999996e-01 9.4034950000000016e+00 -3.4579999999999988e+00 
3.6000000000000000e-01 9.3686680000000016e+00 -3.5567999999999988e+00 
3.7000000000000000e-01 9.3328530000000000e+00 -3.6555999999999984e+00 
3.8000000000000000e-01 9.2960500000000000e+00 -3.7543999999999984e+00 
3.9000000000000000e-01 9.2582589999999984e+00 -3.8531999999999976e+00 
4.0000000000000000e-01 9.2194799999999984e+00 -3.9519999999999976e+00 
4.1000000000000000e-01 9.1797130000000000e+00 -4.0507999999999976e+00 
4.2000000000000000e-01 9.1389580000000000e+00 -4.1495999999999984e+00 
4.3000000000000000e-01 9.0972150000000016e+00 -4.2483999999999992e+00 
4.4000000000000000e-01 9.0544840000000000e+00 -4.3472000000000000e+00 
4.5000000000000000e-01 9.0107650000000000e+00 -4.4460000000000008e+00 
4.6000000000000000e-01 8.9660579999999984e+00 -4.5448000000000016e+00 
4.7000000000000000e-01 8.9203629999999984e+00 -4.6436000000000016e+00 
4.8000000000000000e-01 8.8736799999999984e+00 -4.7424000000000024e+00 
4.9000000000000000e-01 8.8260089999999984e+00 -4.8412000000000032e+00 
5.0000000000000000e-01 8.7773500000000000e+00 -4.9400000000000040e+00 
5.1000000000000000e-01 8.7277030000000016e+00 -5.0388000000000048e+00 
5.2000000000000000e-01 8.6770680000000000e+00 -5.1376000000000056e+00 
5.3000000000000000e-01 8.6254449999999984e+00 -5.2364000000000056e+00 
5.4000000000000000e-01 8.5728339999999984e+00 -5.3352000000000064e+00 
5.5000000000000008e-01 8.5192349999999984e+00 -5.4340000000000072e+00 
5.6000000000000008e-01 8.4646479999999984e+00 -5.5328000000000080e+00 
5.6999999999999992e-01 8.4090730000000000e+00 -5.6316000000000088e+00 
5.8000000000000000e-01 8.3525100000000000e+00 -5.7304000000000096e+00 
5.9000000000000000e-01 8.2949590000000000e+00 -5.8292000000000096e+00 
6.0000000000000000e-01 8.2364199999999984e+00 -5.9280000000000104e+00 
6.1000000000000000e-01 8.1768929999999984e+00 -6.0268000000000112e+00 
6.2000000000000000e-01 8.1163779999999968e+00 -6.1256000000000120e+00 
6.3000000000000000e-01 8.0548749999999968e+00 -6.2244000000000128e+00 
6.4000000000000000e-01 7.9923839999999984e+00 -6.3232000000000136e+00 
6.5000000000000000e-01 7.9289049999999984e+00 -6.4220000000000136e+00 
6.6000000000000000e-01 7.8644379999999968e+00 -6.5208000000000144e+00 
6.7000000000000000e-01 7.7989829999999968e+00 -6.6196000000000152e+00 
6.8000000000000008e-01 7.7325399999999968e+00 -6.7184000000000160e+00 
6.8999999999999992e-01 7.6651089999999968e+00 -6.8172000000000168e+00 
6.9999999999999992e-01 7.5966899999999968e+00 -6.9160000000000176e+00 
7.1000000000000000e-01 7.5272829999999968e+00 -7.0148000000000176e+00 
7.2000000000000000e-01 7.4568879999999968e+00 -7.1136000000000184e+00 
7.3000000000000000e-01 7.3855049999999952e+00 -7.2124000000000192e+00 
7.4000000000000000e-01 7.3131339999999952e+00 -7.3112000000000192e+00 
7.5000000000000000e-01 7.2397749999999952e+00 -7.4100000000000208e+00 
7.6000000000000000e-01 7.1654279999999960e+00 -7.5088000000000208e+00 
7.7000000000000000e-01 7.0900929999999952e+00 -7.6076000000000224e+00 
7.8000000000000000e-01 7.0137699999999944e+00 -7.7064000000000224e+00 
7.9000000000000000e-01 6.9364589999999952e+00 -7.8052000000000240e+00 
8.0000000000000000e-01 6.8581599999999944e+00 -7.9040000000000240e+00 
8.1000000000000000e-01 6.7788729999999936e+00 -8.0028000000000240e+00 
8.2000000000000000e-01 6.6985979999999936e+00 -8.1016000000000240e+00 
8.3000000000000000e-01 6.6173349999999936e+00 -8.2004000000000256e+00 
8.4000000000000000e-01 6.5350839999999936e+00 -8.2992000000000256e+00 
8.5000000000000000e-01 6.4518449999999928e+00 -8.3980000000000256e+00 
8.6000000000000000e-01 6.3676179999999920e+00 -8.4968000000000272e+00 
8.7000000000000000e-01 6.2824029999999928e+00 -8.5956000000000272e+00 
8.8000000000000000e-01 6.1961999999999920e+00 -8.6944000000000288e+00 
8.9000000000000000e-01 6.1090089999999912e+00 -8.7932000000000288e+00 
9.0000000000000000e-01 6.0208299999999912e+00 -8.8920000000000304e+00 
9.1000000000000000e-01 5.9316629999999912e+00 -8.9908000000000304e+00 
9.2000000000000000e-01 5.8415079999999912e+00 -9.0896000000000304e+00 
9.3000000000000000e-01 5.7503649999999904e+00 -9.1884000000000320e+00 
9.4000000000000000e-01 5.6582339999999904e+00 -9.2872000000000320e+00 
9.5000000000000000e-01 5.5651149999999904e+00 -9.3860000000000336e+00 
9.6000000000000000e-01 5.4710079999999896e+00 -9.4848000000000336e+00 
9.7000000000000000e-01 5.3759129999999888e+00 -9.5836000000000336e+00 
9.8000000000000000e-01 5.2798299999999888e+00 -9.6824000000000352e+00 
9.9000000000000000e-01 5.1827589999999896e+00 -9.7812000000000352e+00 
1.0000000000000000e+00 5.0846999999999880e+00 -9.8800000000000368e+00 
1.0100000000000000e+00 4.9856529999999880e+00 -9.9788000000000368e+00 
1.0200000000000000e+00 4.8856179999999872e+00 -1.0077600000000038e+01 
1.0300000000000000e+00 4.7845949999999880e+00 -1.0176400000000038e+01 
1.0400000000000000e+00 4.6825839999999872e+00 -1.0275200000000038e+01 
1.0500000000000000e+00 4.5795849999999864e+00 -1.0374000000000040e+01 
1.0600000000000000e+00 4.4755979999999864e+00 -1.0472800000000040e+01 
1.0700000000000000e+00 4.3706229999999856e+00 -1.0571600000000040e+01 
1.0800000000000000e+00 4.2646599999999848e+00 -1.0670400000000042e+01 
1.0900000000000000e+00 4.1577089999999848e+00 -1.0769200000000042e+01 
1.1000000000000000e+00 4.0497699999999848e+00 -1.0868000000000042e+01 
1.1100000000000000e+00 3.9408429999999840e+00 -1.0966800000000044e+01 
1.1200000000000002e+00 3.8309279999999840e+00 -1.1065600000000044e+01 
1.1299999999999998e+00 3.7200249999999832e+00 -1.1164400000000044e+01 
1.1400000000000000e+00 3.6081339999999832e+00 -1.1263200000000046e+01 
1.1500000000000000e+00 3.4952549999999824e+00 -1.1362000000000046e+01 
1.1600000000000000e+00 3.3813879999999820e+00 -1.1460800000000046e+01 
1.1700000000000000e+00 3.2665329999999816e+00 -1.1559600000000048e+01 
1.1800000000000000e+00 3.1506899999999808e+00 -1.1658400000000048e+01 
1.1900000000000000e+00 3.0338589999999804e+00 -1.1757200000000048e+01 
1.2000000000000000e+00 2.9160399999999796e+00 -1.1856000000000050e+01 
1.2100000000000000e+00 2.7972329999999796e+00 -1.1954800000000050e+01 
1.2200000000000000e+00 2.6774379999999788e+00 -1.2053600000000050e+01 
1.2300000000000000e+00 2.5566549999999784e+00 -1.2152400000000052e+01 
1.2400000000000000e+00 2.4348839999999776e+00 -1.2251200000000052e+01 
1.2500000000000000e+00 2.3121249999999772e+00 -1.2350000000000052e+01 
1.2600000000000000e+00 2.1883779999999768e+00 -1.2448800000000054e+01 
1.2700000000000000e+00 2.0636429999999764e+00 -1.2547600000000054e+01 
1.2800000000000000e+00 1.9379199999999756e+00 -1.2646400000000054e+01 
1.2900000000000000e+00 1.8112089999999752e+00 -1.2745200000000056e+01 
1.3000000000000000e+00 1.6835099999999748e+00 -1.2844000000000056e+01 
1.3100000000000000e+00 1.5548229999999744e+00 -1.2942800000000056e+01 
1.3200000000000000e+00 1.4251479999999736e+00 -1.3041600000000058e+01 
1.3300000000000000e+00 1.2944849999999730e+00 -1.3140400000000058e+01 
1.3400000000000000e+00 1.1628339999999724e+00 -1.3239200000000058e+01 
1.3500000000000000e+00 1.0301949999999718e+00 -1.3338000000000060e+01 
1.3600000000000000e+00 8.9656799999997120e-01 -1.3436800000000060e+01 
1.3700000000000002e+00 7.6195299999997040e-01 -1.3535600000000060e+01 
1.3799999999999998e+00 6.2634999999996976e-01 -1.3634400000000062e+01 
1.3900000000000000e+00 4.8975899999996912e-01 -1.3733200000000062e+01 
1.4000000000000000e+00 3.5217999999996840e-01 -1.3832000000000062e+01 
1.4100000000000000e+00 2.1361299999996776e-01 -1.3930800000000064e+01 
1.4200000000000000e+00 7.4057999999967088e-02 -1.4029600000000064e+01 
1.4300000000000000e+00 6.0225999999967032e-02 1.1213800000000052e+01 
1.4400000000000000e+00 1.7211699999996754e-01 1.1115000000000052e+01 
1.4500000000000000e+00 2.8301999999996808e-01 1.1016200000000052e+01 
1.4600000000000000e+00 3.9293499999996864e-01 1.0917400000000050e+01 
1.4700000000000000e+00 5.0186199999996920e-01 1.0818600000000050e+01 
1.4800000000000000e+00 6.0980099999996976e-01 1.0719800000000050e+01 
1.4900000000000000e+00 7.1675199999997032e-01 1.0621000000000048e+01 
1.5000000000000000e+00 8.2271499999997072e-01 1.0522200000000048e+01 
1.5100000000000000e+00 9.2768999999997120e-01 1.0423400000000048e+01 
1.5200000000000000e+00 1.0316769999999716e+00 1.0324600000000046e+01 
1.5300000000000000e+00 1.1346759999999720e+00 1.0225800000000046e+01 
1.5400000000000000e+00 1.2366869999999726e+00 1.0127000000000046e+01 
1.5500000000000000e+00 1.3377099999999730e+00 1.0028200000000044e+01 
1.5600000000000000e+00 1.4377449999999736e+00 9.9294000000000432e+00 
1.5700000000000000e+00 1.5367919999999740e+00 9.8306000000000432e+00 
1.5800000000000000e+00 1.6348509999999742e+00 9.7318000000000432e+00 
1.5900000000000000e+00 1.7319219999999746e+00 9.6330000000000416e+00 
1.6000000000000000e+00 1.8280049999999752e+00 9.5342000000000416e+00 
1.6100000000000000e+00 1.9230999999999752e+00 9.4354000000000400e+00 
1.6200000000000002e+00 2.0172069999999760e+00 9.3366000000000400e+00 
1.6299999999999998e+00 2.1103259999999768e+00 9.2378000000000384e+00 
1.6400000000000000e+00 2.2024569999999768e+00 9.1390000000000384e+00 
1.6500000000000000e+00 2.2935999999999776e+00 9.0402000000000384e+00 
1.6600000000000000e+00 2.3837549999999776e+00 8.9414000000000368e+00 
1.6700000000000000e+00 2.4729219999999784e+00 8.8426000000000368e+00 
1.6800000000000000e+00 2.5611009999999784e+00 8.7438000000000352e+00 
1.6900000000000000e+00 2.6482919999999792e+00 8.6450000000000352e+00 
1.7000000000000000e+00 2.7344949999999796e+00 8.5462000000000352e+00 
1.7100000000000000e+00 2.8197099999999796e+00 8.4474000000000336e+00 
1.7200000000000000e+00 2.9039369999999800e+00 8.3486000000000336e+00 
1.7300000000000000e+00 2.9871759999999804e+00 8.2498000000000320e+00 
1.7400000000000000e+00 3.0694269999999804e+00 8.1510000000000320e+00 
1.7500000000000000e+00 3.1506899999999808e+00 8.0522000000000304e+00 
1.7600000000000000e+00 3.2309649999999812e+00 7.9534000000000304e+00 
1.7700000000000000e+00 3.3102519999999816e+00 7.8546000000000304e+00 
1.7800000000000000e+00 3.3885509999999820e+00 7.7558000000000288e+00 
1.7900000000000000e+00 3.4658619999999824e+00 7.6570000000000288e+00 
1.8000000000000000e+00 3.5421849999999824e+00 7.5582000000000272e+00 
1.8100000000000000e+00 3.6175199999999832e+00 7.4594000000000272e+00 
1.8200000000000000e+00 3.6918669999999832e+00 7.3606000000000272e+00 
1.8300000000000000e+00 3.7652259999999832e+00 7.2618000000000256e+00 
1.8400000000000000e+00 3.8375969999999840e+00 7.1630000000000248e+00 
1.8500000000000000e+00 3.9089799999999840e+00 7.0642000000000248e+00 
1.8600000000000000e+00 3.9793749999999840e+00 6.9654000000000240e+00 
1.8700000000000000e+00 4.0487819999999840e+00 6.8666000000000232e+00 
1.8800000000000000e+00 4.1172009999999848e+00 6.7678000000000224e+00 
1.8900000000000000e+00 4.1846319999999856e+00 6.6690000000000216e+00 
1.9000000000000000e+00 4.2510749999999848e+00 6.5702000000000208e+00 
1.9100000000000000e+00 4.3165299999999848e+00 6.4714000000000208e+00 
1.9200000000000000e+00 4.3809969999999856e+00 6.3726000000000200e+00 
1.9300000000000000e+00 4.4444759999999864e+00 6.2738000000000192e+00 
1.9400000000000000e+00 4.5069669999999864e+00 6.1750000000000184e+00 
1.9500000000000000e+00 4.5684699999999864e+00 6.0762000000000176e+00 
1.9600000000000000e+00 4.6289849999999872e+00 5.9774000000000168e+00 
1.9700000000000000e+00 4.6885119999999872e+00 5.8786000000000168e+00 
1.9800000000000000e+00 4.7470509999999864e+00 5.7798000000000160e+00 
1.9900000000000000e+00 4.8046019999999864e+00 5.6810000000000152e+00 
2.0000000000000000e+00 4.8611649999999872e+00 5.5822000000000144e+00 
2.0099999999999996e+00 4.9167399999999872e+00 5.4834000000000136e+00 
2.0200000000000000e+00 4.9713269999999872e+00 5.3846000000000128e+00 
2.0300000000000000e+00 5.0249259999999872e+00 5.2858000000000128e+00 
2.0400000000000000e+00 5.0775369999999880e+00 5.1870000000000120e+00 
2.0500000000000000e+00 5.1291599999999880e+00 5.0882000000000112e+00 
2.0600000000000000e+00 5.1797949999999880e+00 4.9894000000000104e+00 
2.0700000000000000e+00 5.2294419999999880e+00 4.8906000000000096e+00 
2.0800000000000000e+00 5.2781009999999888e+00 4.7918000000000088e+00 
2.0900000000000000e+00 5.3257719999999880e+00 4.6930000000000088e+00 
2.1000000000000000e+00 5.3724549999999880e+00 4.5942000000000080e+00 
2.1100000000000000e+00 5.4181499999999880e+00 4.4954000000000072e+00 
2.1200000000000000e+00 5.4628569999999888e+00 4.3966000000000064e+00 
2.1300000000000000e+00 5.5065759999999880e+00 4.2978000000000056e+00 
2.1400000000000000e+00 5.5493069999999880e+00 4.1990000000000048e+00 
2.1500000000000000e+00 5.5910499999999888e+00 4.1002000000000048e+00 
2.1600000000000000e+00 5.6318049999999896e+00 4.0014000000000040e+00 
2.1700000000000000e+00 5.6715719999999888e+00 3.9026000000000040e+00 
2.1800000000000000e+00 5.7103509999999888e+00 3.8038000000000040e+00 
2.1900000000000000e+00 5.7481419999999888e+00 3.7050000000000048e+00 
2.2000000000000000e+00 5.7849449999999896e+00 3.6062000000000048e+00 
2.2100000000000000e+00 5.8207599999999896e+00 3.5074000000000048e+00 
2.2200000000000000e+00 5.8555869999999896e+00 3.4086000000000052e+00 
2.2300000000000000e+00 5.8894259999999896e+00 3.3098000000000056e+00 
2.2400000000000004e+00 5.9222769999999896e+00 3.2110000000000056e+00 
2.2500000000000000e+00 5.9541399999999888e+00 3.1122000000000060e+00 
2.2599999999999996e+00 5.9850149999999888e+00 3.0134000000000060e+00 
2.2700000000000000e+00 6.0149019999999896e+00 2.9146000000000064e+00 
2.2800000000000000e+00 6.0438009999999896e+00 2.8158000000000064e+00 
2.2900000000000000e+00 6.0717119999999888e+00 2.7170000000000068e+00 
2.3000000000000000e+00 6.0986349999999888e+00 2.6182000000000068e+00 
2.3100000000000000e+00 6.1245699999999896e+00 2.5194000000000072e+00 
2.3200000000000000e+00 6.1495169999999896e+00 2.4206000000000076e+00 
2.3300000000000000e+00 6.1734759999999896e+00 2.3218000000000076e+00 
2.3400000000000000e+00 6.1964469999999896e+00 2.2230000000000080e+00 
2.3500000000000000e+00 6.2184299999999896e+00 2.1242000000000080e+00 
2.3600000000000000e+00 6.2394249999999904e+00 2.0254000000000084e+00 
2.3700000000000000e+00 6.2594319999999896e+00 1.9266000000000080e+00 
2.3800000000000000e+00 6.2784509999999896e+00 1.8278000000000080e+00 
2.3900000000000000e+00 6.2964819999999904e+00 1.7290000000000076e+00 
2.4000000000000000e+00 6.3135249999999904e+00 1.6302000000000074e+00 
2.4100000000000000e+00 6.3295799999999904e+00 1.5314000000000072e+00 
2.4200000000000000e+00 6.3446469999999904e+00 1.4326000000000070e+00 
2.4300000000000000e+00 6.3587259999999912e+00 1.3338000000000068e+00 
2.4400000000000000e+00 6.3718169999999904e+00 1.2350000000000066e+00 
2.4500000000000000e+00 6.3839199999999904e+00 1.1362000000000064e+00 
2.4600000000000000e+00 6.3950349999999904e+00 1.0374000000000060e+00 
2.4700000000000000e+00 6.4051619999999912e+00 9.3860000000000608e-01 
2.4800000000000000e+00 6.4143009999999904e+00 8.3980000000000608e-01 
2.4900000000000004e+00 6.4224519999999904e+00 7.4100000000000608e-01 
2.5000000000000000e+00 6.4296149999999904e+00 6.4220000000000608e-01 
2.5099999999999996e+00 6.4357899999999912e+00 5.4340000000000608e-01 
2.5200000000000000e+00 6.4409769999999904e+00 4.4460000000000608e-01 
2.5300000000000000e+00 6.4451759999999904e+00 3.4580000000000612e-01 
2.5400000000000000e+00 6.4483869999999904e+00 2.4700000000000612e-01 
2.5500000000000000e+00 6.4506099999999912e+00 1.4820000000000610e-01 
2.5600000000000000e+00 6.4518449999999904e+00 4.9400000000006096e-02 
2.5700000000000000e+00 6.4520919999999904e+00 -4.9399999999993912e-02 
2.5800000000000000e+00 6.4513509999999912e+00 -1.4819999999999392e-01 
2.5900000000000000e+00 6.4496219999999920e+00 -2.4699999999999392e-01 
2.6000000000000000e+00 6.4469049999999912e+00 -3.4579999999999396e-01 
2.6100000000000000e+00 6.4431999999999912e+00 -4.4459999999999392e-01 
2.6200000000000000e+00 6.4385069999999912e+00 -5.4339999999999400e-01 
2.6300000000000000e+00 6.4328259999999912e+00 -6.4219999999999400e-01 
2.6400000000000000e+00 6.4261569999999912e+00 -7.4099999999999392e-01 
2.6500000000000000e+00 6.4184999999999912e+00 -8.3979999999999392e-01 
2.6600000000000000e+00 6.4098549999999912e+00 -9.3859999999999392e-01 
2.6700000000000000e+00 6.4002219999999912e+00 -1.0373999999999942e+00 
2.6800000000000000e+00 6.3896009999999912e+00 -1.1361999999999944e+00 
2.6900000000000000e+00 6.3779919999999912e+00 -1.2349999999999946e+00 
2.7000000000000000e+00 6.3653949999999912e+00 -1.3337999999999948e+00 
2.7100000000000000e+00 6.3518099999999912e+00 -1.4325999999999950e+00 
2.7200000000000000e+00 6.3372369999999912e+00 -1.5313999999999952e+00 
2.7300000000000000e+00 6.3216759999999912e+00 -1.6301999999999954e+00 
2.7400000000000004e+00 6.3051269999999920e+00 -1.7289999999999956e+00 
2.7500000000000000e+00 6.2875899999999920e+00 -1.8277999999999960e+00 
2.7599999999999996e+00 6.2690649999999912e+00 -1.9265999999999960e+00 
2.7700000000000000e+00 6.2495519999999912e+00 -2.0253999999999964e+00 
2.7800000000000000e+00 6.2290509999999920e+00 -2.1241999999999960e+00 
2.7900000000000000e+00 6.2075619999999920e+00 -2.2229999999999960e+00 
2.8000000000000000e+00 6.1850849999999920e+00 -2.3217999999999956e+00 
2.8100000000000000e+00 6.1616199999999920e+00 -2.4205999999999956e+00 
2.8200000000000000e+00 6.1371669999999928e+00 -2.5193999999999952e+00 
2.8300000000000000e+00 6.1117259999999920e+00 -2.6181999999999948e+00 
2.8400000000000000e+00 6.0852969999999920e+00 -2.7169999999999948e+00 
2.8500000000000000e+00 6.0578799999999920e+00 -2.8157999999999944e+00 
2.8600000000000000e+00 6.0294749999999928e+00 -2.9145999999999944e+00 
2.8700000000000000e+00 6.0000819999999920e+00 -3.0133999999999940e+00 
2.8800000000000000e+00 5.9697009999999920e+00 -3.1121999999999940e+00 
2.8900000000000000e+00 5.9383319999999920e+00 -3.2109999999999936e+00 
2.9000000000000000e+00 5.9059749999999928e+00 -3.3097999999999936e+00 
2.9100000000000000e+00 5.8726299999999920e+00 -3.4085999999999932e+00 
2.9200000000000000e+00 5.8382969999999920e+00 -3.5073999999999928e+00 
2.9300000000000000e+00 5.8029759999999920e+00 -3.6061999999999928e+00 
2.9400000000000000e+00 5.7666669999999928e+00 -3.7049999999999928e+00 
2.9500000000000000e+00 5.7293699999999920e+00 -3.8037999999999920e+00 
2.9600000000000000e+00 5.6910849999999920e+00 -3.9025999999999920e+00 
2.9700000000000000e+00 5.6518119999999928e+00 -4.0013999999999920e+00 
2.9800000000000000e+00 5.6115509999999936e+00 -4.1001999999999928e+00 
2.9900000000000004e+00 5.5703019999999928e+00 -4.1989999999999936e+00 
3.0000000000000000e+00 5.5280649999999928e+00 -4.2977999999999944e+00 
3.0099999999999996e+00 5.4848399999999928e+00 -4.3965999999999952e+00 
3.0200000000000000e+00 5.4406269999999928e+00 -4.4953999999999960e+00 
3.0300000000000000e+00 5.3954259999999928e+00 -4.5941999999999960e+00 
3.0400000000000000e+00 5.3492369999999928e+00 -4.6929999999999968e+00 
3.0500000000000000e+00 5.3020599999999928e+00 -4.7917999999999976e+00 
3.0600000000000000e+00 5.2538949999999928e+00 -4.8905999999999984e+00 
3.0700000000000000e+00 5.2047419999999928e+00 -4.9893999999999992e+00 
3.0800000000000000e+00 5.1546009999999928e+00 -5.0882000000000000e+00 
3.0900000000000000e+00 5.1034719999999928e+00 -5.1870000000000000e+00 
3.1000000000000000e+00 5.0513549999999928e+00 -5.2858000000000008e+00 
3.1100000000000000e+00 4.9982499999999928e+00 -5.3846000000000016e+00 
3.1200000000000000e+00 4.9441569999999928e+00 -5.4834000000000024e+00 
3.1300000000000000e+00 4.8890759999999928e+00 -5.5822000000000032e+00 
3.1400000000000000e+00 4.8330069999999928e+00 -5.6810000000000040e+00 
3.1500000000000000e+00 4.7759499999999928e+00 -5.7798000000000040e+00 
3.1600000000000000e+00 4.7179049999999928e+00 -5.8786000000000048e+00 
3.1700000000000000e+00 4.6588719999999936e+00 -5.9774000000000056e+00 
3.1800000000000000e+00 4.5988509999999928e+00 -6.0762000000000064e+00 
3.1900000000000000e+00 4.5378419999999920e+00 -6.1750000000000072e+00 
3.2000000000000000e+00 4.4758449999999928e+00 -6.2738000000000072e+00 
3.2100000000000000e+00 4.4128599999999928e+00 -6.3726000000000080e+00 
3.2200000000000000e+00 4.3488869999999920e+00 -6.4714000000000088e+00 
3.2300000000000000e+00 4.2839259999999920e+00 -6.5702000000000096e+00 
3.2400000000000004e+00 4.2179769999999920e+00 -6.6690000000000104e+00 
3.2500000000000000e+00 4.1510399999999928e+00 -6.7678000000000112e+00 
3.2599999999999996e+00 4.0831149999999920e+00 -6.8666000000000112e+00 
3.2700000000000000e+00 4.0142019999999920e+00 -6.9654000000000120e+00 
3.2800000000000000e+00 3.9443009999999920e+00 -7.0642000000000128e+00 
3.2900000000000000e+00 3.8734119999999920e+00 -7.1630000000000136e+00 
3.3000000000000000e+00 3.8015349999999912e+00 -7.2618000000000144e+00 
3.3100000000000000e+00 3.7286699999999912e+00 -7.3606000000000144e+00 
3.3200000000000000e+00 3.6548169999999912e+00 -7.4594000000000160e+00 
3.3300000000000000e+00 3.5799759999999908e+00 -7.5582000000000160e+00 
3.3400000000000000e+00 3.5041469999999908e+00 -7.6570000000000176e+00 
3.3500000000000000e+00 3.4273299999999908e+00 -7.7558000000000176e+00 
3.3600000000000000e+00 3.3495249999999904e+00 -7.8546000000000176e+00 
3.3700000000000000e+00 3.2707319999999904e+00 -7.9534000000000192e+00 
3.3800000000000000e+00 3.1909509999999904e+00 -8.0522000000000192e+00 
3.3900000000000000e+00 3.1101819999999904e+00 -8.1510000000000192e+00 
3.4000000000000000e+00 3.0284249999999900e+00 -8.2498000000000208e+00 
3.4100000000000000e+00 2.9456799999999900e+00 -8.3486000000000208e+00 
3.4200000000000000e+00 2.8619469999999896e+00 -8.4474000000000208e+00 
3.4300000000000000e+00 2.7772259999999896e+00 -8.5462000000000224e+00 
3.4400000000000000e+00 2.6915169999999892e+00 -8.6450000000000224e+00 
3.4500000000000000e+00 2.6048199999999892e+00 -8.7438000000000240e+00 
3.4600000000000000e+00 2.5171349999999884e+00 -8.8426000000000240e+00 
3.4700000000000000e+00 2.4284619999999884e+00 -8.9414000000000240e+00 
3.4800000000000000e+00 2.3388009999999880e+00 -9.0402000000000256e+00 
3.4900000000000004e+00 2.2481519999999880e+00 -9.1390000000000256e+00 
3.5000000000000000e+00 2.1565149999999876e+00 -9.2378000000000272e+00 
3.5099999999999996e+00 2.0638899999999876e+00 -9.3366000000000272e+00 
3.5200000000000000e+00 1.9702769999999872e+00 -9.4354000000000272e+00 
3.5300000000000000e+00 1.8756759999999872e+00 -9.5342000000000288e+00 
3.5400000000000000e+00 1.7800869999999866e+00 -9.6330000000000288e+00 
3.5500000000000000e+00 1.6835099999999862e+00 -9.7318000000000304e+00 
3.5600000000000000e+00 1.5859449999999860e+00 -9.8306000000000304e+00 
3.5700000000000000e+00 1.4873919999999856e+00 -9.9294000000000320e+00 
3.5800000000000000e+00 1.3878509999999852e+00 -1.0028200000000032e+01 
3.5900000000000000e+00 1.2873219999999850e+00 -1.0127000000000032e+01 
3.6000000000000000e+00 1.1858049999999846e+00 -1.0225800000000034e+01 
3.6100000000000000e+00 1.0832999999999844e+00 -1.0324600000000034e+01 
3.6200000000000000e+00 9.7980699999998400e-01 -1.0423400000000034e+01 
3.6300000000000000e+00 8.7532599999998368e-01 -1.0522200000000036e+01 
3.6400000000000000e+00 7.6985699999998320e-01 -1.0621000000000036e+01 
3.6500000000000000e+00 6.6339999999998288e-01 -1.0719800000000036e+01 
3.6600000000000000e+00 5.5595499999998256e-01 -1.0818600000000038e+01 
3.6700000000000000e+00 4.4752199999998224e-01 -1.0917400000000038e+01 
3.6800000000000000e+00 3.3810099999998184e-01 -1.1016200000000038e+01 
3.6900000000000000e+00 2.2769199999998140e-01 -1.1115000000000040e+01 
3.7000000000000000e+00 1.1629499999998100e-01 -1.1213800000000040e+01 
3.7100000000000000e+00 3.9099999999805960e-03 9.0500800000000336e+00 
3.7200000000000000e+00 9.4163799999980928e-02 8.9512800000000320e+00 
3.7300000000000000e+00 1.8342959999998128e-01 8.8524800000000320e+00 
3.7400000000000000e+00 2.7170739999998156e-01 8.7536800000000320e+00 
3.7500000000000000e+00 3.5899719999998188e-01 8.6548800000000304e+00 
3.7600000000000000e+00 4.4529899999998216e-01 8.5560800000000304e+00 
3.7700000000000000e+00 5.3061279999998248e-01 8.4572800000000288e+00 
3.7800000000000000e+00 6.1493859999998280e-01 8.3584800000000288e+00 
3.7900000000000000e+00 6.9827639999998312e-01 8.2596800000000272e+00 
3.8000000000000000e+00 7.8062619999998352e-01 8.1608800000000272e+00 
3.8100000000000000e+00 8.6198799999998384e-01 8.0620800000000272e+00 
3.8200000000000000e+00 9.4236179999998400e-01 7.9632800000000256e+00 
3.8300000000000000e+00 1.0217475999999842e+00 7.8644800000000256e+00 
3.8400000000000000e+00 1.1001453999999844e+00 7.7656800000000240e+00 
3.8500000000000000e+00 1.1775551999999848e+00 7.6668800000000240e+00 
3.8600000000000000e+00 1.2539769999999850e+00 7.5680800000000240e+00 
3.8700000000000000e+00 1.3294107999999854e+00 7.4692800000000224e+00 
3.8800000000000000e+00 1.4038565999999854e+00 7.3704800000000224e+00 
3.8900000000000000e+00 1.4773143999999856e+00 7.2716800000000208e+00 
3.9000000000000000e+00 1.5497841999999858e+00 7.1728800000000208e+00 
3.9100000000000000e+00 1.6212659999999858e+00 7.0740800000000200e+00 
3.9200000000000000e+00 1.6917597999999860e+00 6.9752800000000192e+00 
3.9300000000000000e+00 1.7612655999999862e+00 6.8764800000000184e+00 
3.9400000000000000e+00 1.8297833999999864e+00 6.7776800000000176e+00 
3.9500000000000000e+00 1.8973131999999864e+00 6.6788800000000176e+00 
3.9600000000000000e+00 1.9638549999999868e+00 6.5800800000000168e+00 
3.9700000000000000e+00 2.0294087999999872e+00 6.4812800000000160e+00 
3.9800000000000000e+00 2.0939745999999876e+00 6.3824800000000152e+00 
3.9900000000000000e+00 2.1575523999999876e+00 6.2836800000000144e+00 
4.0000000000000000e+00 2.2201421999999880e+00 6.1848800000000136e+00 
4.0100000000000000e+00 2.2817439999999884e+00 6.0860800000000136e+00 
4.0199999999999992e+00 2.3423577999999884e+00 5.9872800000000128e+00 
4.0300000000000000e+00 2.4019835999999884e+00 5.8884800000000120e+00 
4.0400000000000000e+00 2.4606213999999884e+00 5.7896800000000112e+00 
4.0500000000000000e+00 2.5182711999999884e+00 5.6908800000000104e+00 
4.0600000000000000e+00 2.5749329999999884e+00 5.5920800000000096e+00 
4.0700000000000000e+00 2.6306067999999888e+00 5.4932800000000096e+00 
4.0800000000000000e+00 2.6852925999999888e+00 5.3944800000000088e+00 
4.0900000000000000e+00 2.7389903999999888e+00 5.2956800000000080e+00 
4.1000000000000000e+00 2.7917001999999892e+00 5.1968800000000072e+00 
4.1100000000000000e+00 2.8434219999999892e+00 5.0980800000000064e+00 
4.1200000000000000e+00 2.8941557999999892e+00 4.9992800000000056e+00 
4.1300000000000000e+00 2.9439015999999896e+00 4.9004800000000056e+00 
4.1400000000000000e+00 2.9926593999999892e+00 4.8016800000000048e+00 
4.1500000000000000e+00 3.0404291999999896e+00 4.7028800000000040e+00 
4.1600000000000000e+00 3.0872109999999892e+00 4.6040800000000032e+00 
4.1700000000000000e+00 3.1330047999999896e+00 4.5052800000000024e+00 
4.1800000000000000e+00 3.1778105999999892e+00 4.4064800000000016e+00 
4.1900000000000000e+00 3.2216283999999896e+00 4.3076800000000016e+00 
4.2000000000000000e+00 3.2644581999999892e+00 4.2088800000000008e+00 
4.2100000000000000e+00 3.3062999999999896e+00 4.1100800000000000e+00 
4.2200000000000000e+00 3.3471537999999896e+00 4.0112799999999992e+00 
4.2300000000000008e+00 3.3870195999999896e+00 3.9124799999999992e+00 
4.2400000000000000e+00 3.4258973999999896e+00 3.8136800000000000e+00 
4.2500000000000000e+00 3.4637871999999900e+00 3.7148800000000000e+00 
4.2600000000000000e+00 3.5006889999999896e+00 3.6160800000000000e+00 
4.2699999999999992e+00 3.5366027999999900e+00 3.5172800000000004e+00 
4.2800000000000000e+00 3.5715285999999900e+00 3.4184800000000008e+00 
4.2900000000000000e+00 3.6054663999999896e+00 3.3196800000000008e+00 
4.3000000000000000e+00 3.6384161999999896e+00 3.2208800000000012e+00 
4.3100000000000000e+00 3.6703779999999896e+00 3.1220800000000012e+00 
4.3200000000000000e+00 3.7013517999999896e+00 3.0232800000000016e+00 
4.3300000000000000e+00 3.7313375999999896e+00 2.9244800000000016e+00 
4.3400000000000000e+00 3.7603353999999896e+00 2.8256800000000020e+00 
4.3500000000000000e+00 3.7883451999999896e+00 2.7268800000000020e+00 
4.3600000000000000e+00 3.8153669999999896e+00 2.6280800000000024e+00 
4.3700000000000000e+00 3.8414007999999896e+00 2.5292800000000028e+00 
4.3800000000000000e+00 3.8664465999999896e+00 2.4304800000000028e+00 
4.3900000000000000e+00 3.8905043999999896e+00 2.3316800000000032e+00 
4.4000000000000000e+00 3.9135741999999896e+00 2.2328800000000032e+00 
4.4100000000000000e+00 3.9356559999999896e+00 2.1340800000000036e+00 
4.4200000000000000e+00 3.9567497999999896e+00 2.0352800000000036e+00 
4.4300000000000000e+00 3.9768555999999896e+00 1.9364800000000036e+00 
4.4400000000000000e+00 3.9959733999999896e+00 1.8376800000000032e+00 
4.4500000000000000e+00 4.0141031999999904e+00 1.7388800000000030e+00 
4.4600000000000000e+00 4.0312449999999904e+00 1.6400800000000028e+00 
4.4700000000000000e+00 4.0473987999999904e+00 1.5412800000000026e+00 
4.4800000000000008e+00 4.0625645999999904e+00 1.4424800000000024e+00 
4.4900000000000000e+00 4.0767423999999904e+00 1.3436800000000022e+00 
4.5000000000000000e+00 4.0899321999999904e+00 1.2448800000000020e+00 
4.5100000000000000e+00 4.1021339999999896e+00 1.1460800000000018e+00 
4.5199999999999992e+00 4.1133477999999896e+00 1.0472800000000016e+00 
4.5300000000000000e+00 4.1235735999999904e+00 9.4848000000000160e-01 
4.5400000000000000e+00 4.1328113999999896e+00 8.4968000000000160e-01 
4.5500000000000000e+00 4.1410611999999896e+00 7.5088000000000160e-01 
4.5600000000000000e+00 4.1483229999999896e+00 6.5208000000000152e-01 
4.5700000000000000e+00 4.1545967999999904e+00 5.5328000000000152e-01 
4.5800000000000000e+00 4.1598825999999896e+00 4.5448000000000152e-01 
4.5900000000000000e+00 4.1641803999999896e+00 3.5568000000000156e-01 
4.6000000000000000e+00 4.1674901999999896e+00 2.5688000000000156e-01 
4.6100000000000000e+00 4.1698119999999904e+00 1.5808000000000156e-01 
4.6200000000000000e+00 4.1711457999999896e+00 5.9280000000001544e-02 
4.6300000000000000e+00 4.1714915999999896e+00 -3.9519999999998464e-02 
4.6400000000000000e+00 4.1708493999999904e+00 -1.3831999999999848e-01 
4.6500000000000000e+00 4.1692191999999904e+00 -2.3711999999999848e-01 
4.6600000000000000e+00 4.1666009999999904e+00 -3.3591999999999848e-01 
4.6700000000000000e+00 4.1629947999999904e+00 -4.3471999999999848e-01 
4.6800000000000000e+00 4.1584005999999904e+00 -5.3351999999999856e-01 
4.6900000000000000e+00 4.1528183999999904e+00 -6.3231999999999856e-01 
4.7000000000000000e+00 4.1462481999999896e+00 -7.3111999999999856e-01 
4.7100000000000000e+00 4.1386899999999896e+00 -8.2991999999999856e-01 
4.7200000000000000e+00 4.1301437999999904e+00 -9.2871999999999856e-01 
4.7300000000000008e+00 4.1206095999999904e+00 -1.0275199999999986e+00 
4.7400000000000000e+00 4.1100873999999896e+00 -1.1263199999999988e+00 
4.7500000000000000e+00 4.0985771999999896e+00 -1.2251199999999990e+00 
4.7600000000000000e+00 4.0860789999999904e+00 -1.3239199999999994e+00 
4.7699999999999992e+00 4.0725927999999904e+00 -1.4227199999999996e+00 
4.7800000000000000e+00 4.0581185999999896e+00 -1.5215199999999998e+00 
4.7900000000000000e+00 4.0426563999999896e+00 -1.6203200000000000e+00 
4.8000000000000000e+00 4.0262061999999904e+00 -1.7191200000000002e+00 
4.8100000000000000e+00 4.0087679999999904e+00 -1.8179200000000004e+00 
4.8200000000000000e+00 3.9903417999999904e+00 -1.9167200000000008e+00 
4.8300000000000000e+00 3.9709275999999904e+00 -2.0155200000000008e+00 
4.8400000000000000e+00 3.9505253999999904e+00 -2.1143200000000008e+00 
4.8500000000000000e+00 3.9291351999999904e+00 -2.2131200000000004e+00 
4.8600000000000000e+00 3.9067569999999904e+00 -2.3119200000000000e+00 
4.8700000000000000e+00 3.8833907999999904e+00 -2.4107200000000000e+00 
4.8800000000000000e+00 3.8590365999999904e+00 -2.5095199999999996e+00 
4.8900000000000000e+00 3.8336943999999904e+00 -2.6083199999999996e+00 
4.9000000000000000e+00 3.8073641999999904e+00 -2.7071199999999992e+00 
4.9100000000000000e+00 3.7800459999999904e+00 -2.8059199999999992e+00 
4.9200000000000000e+00 3.7517397999999896e+00 -2.9047199999999988e+00 
4.9300000000000000e+00 3.7224455999999904e+00 -3.0035199999999988e+00 
4.9400000000000000e+00 3.6921633999999896e+00 -3.1023199999999984e+00 
4.9500000000000000e+00 3.6608931999999904e+00 -3.2011199999999980e+00 
4.9600000000000000e+00 3.6286349999999896e+00 -3.2999199999999980e+00 
4.9700000000000000e+00 3.5953887999999900e+00 -3.3987199999999976e+00 
4.9800000000000008e+00 3.5611545999999900e+00 -3.4975199999999976e+00 
4.9900000000000000e+00 3.5259323999999900e+00 -3.5963199999999972e+00 
5.0000000000000000e+00 3.4897221999999900e+00 -3.6951199999999968e+00 
5.0100000000000000e+00 3.4525239999999900e+00 -3.7939199999999968e+00 
5.0199999999999992e+00 3.4143377999999900e+00 -3.8927199999999968e+00 
5.0300000000000000e+00 3.3751635999999904e+00 -3.9915199999999968e+00 
5.0400000000000000e+00 3.3350013999999900e+00 -4.0903199999999968e+00 
5.0500000000000000e+00 3.2938511999999904e+00 -4.1891199999999976e+00 
5.0600000000000000e+00 3.2517129999999904e+00 -4.2879199999999976e+00 
5.0700000000000000e+00 3.2085867999999908e+00 -4.3867199999999984e+00 
5.0800000000000000e+00 3.1644725999999904e+00 -4.4855199999999992e+00 
5.0900000000000000e+00 3.1193703999999904e+00 -4.5843200000000000e+00 
5.1000000000000000e+00 3.0732801999999904e+00 -4.6831200000000008e+00 
5.1100000000000000e+00 3.0262019999999904e+00 -4.7819200000000016e+00 
5.1200000000000000e+00 2.9781357999999904e+00 -4.8807200000000016e+00 
5.1300000000000000e+00 2.9290815999999900e+00 -4.9795200000000024e+00 
5.1400000000000000e+00 2.8790393999999900e+00 -5.0783200000000032e+00 
5.1500000000000000e+00 2.8280091999999900e+00 -5.1771200000000040e+00 
5.1600000000000000e+00 2.7759909999999900e+00 -5.2759200000000048e+00 
5.1700000000000000e+00 2.7229847999999900e+00 -5.3747200000000056e+00 
5.1800000000000000e+00 2.6689905999999900e+00 -5.4735200000000056e+00 
5.1900000000000000e+00 2.6140083999999900e+00 -5.5723200000000064e+00 
5.2000000000000000e+00 2.5580381999999900e+00 -5.6711200000000072e+00 
5.2100000000000000e+00 2.5010799999999900e+00 -5.7699200000000080e+00 
5.2200000000000000e+00 2.4431337999999904e+00 -5.8687200000000088e+00 
5.2300000000000008e+00 2.3841995999999900e+00 -5.9675200000000096e+00 
5.2400000000000000e+00 2.3242773999999900e+00 -6.0663200000000096e+00 
5.2500000000000000e+00 2.2633671999999896e+00 -6.1651200000000104e+00 
5.2600000000000000e+00 2.2014689999999896e+00 -6.2639200000000112e+00 
5.2699999999999992e+00 2.1385827999999892e+00 -6.3627200000000120e+00 
5.2800000000000000e+00 2.0747085999999896e+00 -6.4615200000000128e+00 
5.2900000000000000e+00 2.0098463999999892e+00 -6.5603200000000136e+00 
5.3000000000000000e+00 1.9439961999999892e+00 -6.6591200000000136e+00 
5.3100000000000000e+00 1.8771579999999892e+00 -6.7579200000000144e+00 
5.3200000000000000e+00 1.8093317999999888e+00 -6.8567200000000152e+00 
5.3300000000000000e+00 1.7405175999999888e+00 -6.9555200000000160e+00 
5.3400000000000000e+00 1.6707153999999886e+00 -7.0543200000000168e+00 
5.3500000000000000e+00 1.5999251999999884e+00 -7.1531200000000176e+00 
5.3600000000000000e+00 1.5281469999999882e+00 -7.2519200000000176e+00 
5.3700000000000000e+00 1.4553807999999880e+00 -7.3507200000000192e+00 
5.3800000000000000e+00 1.3816265999999878e+00 -7.4495200000000192e+00 
5.3900000000000000e+00 1.3068843999999876e+00 -7.5483200000000192e+00 
5.4000000000000000e+00 1.2311541999999874e+00 -7.6471200000000208e+00 
5.4100000000000000e+00 1.1544359999999872e+00 -7.7459200000000208e+00 
5.4200000000000000e+00 1.0767297999999870e+00 -7.8447200000000224e+00 
5.4300000000000000e+00 9.9803559999998672e-01 -7.9435200000000224e+00 
5.4400000000000000e+00 9.1835339999998640e-01 -8.0423200000000240e+00 
5.4500000000000000e+00 8.3768319999998624e-01 -8.1411200000000240e+00 
5.4600000000000000e+00 7.5602499999998592e-01 -8.2399200000000240e+00 
5.4700000000000000e+00 6.7337879999998576e-01 -8.3387200000000256e+00 
5.4800000000000008e+00 5.8974459999998552e-01 -8.4375200000000256e+00 
5.4900000000000000e+00 5.0512239999998528e-01 -8.5363200000000272e+00 
5.5000000000000000e+00 4.1951219999998504e-01 -8.6351200000000272e+00 
5.5100000000000000e+00 3.3291399999998472e-01 -8.7339200000000272e+00 
5.5199999999999992e+00 2.4532779999998444e-01 -8.8327200000000288e+00 
5.5300000000000000e+00 1.5675359999998418e-01 -8.9315200000000288e+00 
5.5400000000000000e+00 6.7191399999983888e-02 -9.0303200000000304e+00 
5.5500000000000000e+00 -2.3358800000016416e-02 7.3032960000000240e+00 
5.5600000000000000e+00 4.9427159999983832e-02 7.2044960000000240e+00 
5.5700000000000000e+00 1.2122511999998406e-01 7.1056960000000232e+00 
5.5800000000000000e+00 1.9203507999998428e-01 7.0068960000000224e+00 
5.5900000000000000e+00 2.6185703999998448e-01 6.9080960000000216e+00 
5.6000000000000000e+00 3.3069099999998468e-01 6.8092960000000208e+00 
5.6100000000000000e+00 3.9853695999998488e-01 6.7104960000000208e+00 
5.6200000000000000e+00 4.6539491999998512e-01 6.6116960000000200e+00 
5.6300000000000000e+00 5.3126487999998528e-01 6.5128960000000192e+00 
5.6400000000000000e+00 5.9614683999998552e-01 6.4140960000000184e+00 
5.6500000000000000e+00 6.6004079999998576e-01 6.3152960000000176e+00 
5.6600000000000000e+00 7.2294675999998608e-01 6.2164960000000168e+00 
5.6700000000000000e+00 7.8486471999998624e-01 6.1176960000000168e+00 
5.6800000000000000e+00 8.4579467999998640e-01 6.0188960000000160e+00 
5.6900000000000000e+00 9.0573663999998640e-01 5.9200960000000152e+00 
5.7000000000000000e+00 9.6469059999998656e-01 5.8212960000000144e+00 
5.7100000000000000e+00 1.0226565599999866e+00 5.7224960000000136e+00 
5.7200000000000000e+00 1.0796345199999868e+00 5.6236960000000128e+00 
5.7300000000000008e+00 1.1356244799999870e+00 5.5248960000000128e+00 
5.7400000000000000e+00 1.1906264399999870e+00 5.4260960000000120e+00 
5.7500000000000000e+00 1.2446403999999872e+00 5.3272960000000112e+00 
5.7600000000000000e+00 1.2976663599999872e+00 5.2284960000000104e+00 
5.7699999999999992e+00 1.3497043199999872e+00 5.1296960000000096e+00 
5.7800000000000000e+00 1.4007542799999872e+00 5.0308960000000088e+00 
5.7900000000000000e+00 1.4508162399999874e+00 4.9320960000000088e+00 
5.8000000000000000e+00 1.4998901999999874e+00 4.8332960000000080e+00 
5.8100000000000000e+00 1.5479761599999874e+00 4.7344960000000072e+00 
5.8200000000000000e+00 1.5950741199999876e+00 4.6356960000000064e+00 
5.8300000000000000e+00 1.6411840799999878e+00 4.5368960000000056e+00 
5.8400000000000000e+00 1.6863060399999878e+00 4.4380960000000048e+00 
5.8500000000000000e+00 1.7304399999999880e+00 4.3392960000000048e+00 
5.8600000000000000e+00 1.7735859599999882e+00 4.2404960000000040e+00 
5.8700000000000000e+00 1.8157439199999880e+00 4.1416960000000032e+00 
5.8800000000000000e+00 1.8569138799999880e+00 4.0428960000000024e+00 
5.8900000000000000e+00 1.8970958399999880e+00 3.9440960000000024e+00 
5.9000000000000000e+00 1.9362897999999880e+00 3.8452960000000032e+00 
5.9100000000000000e+00 1.9744957599999880e+00 3.7464960000000032e+00 
5.9200000000000000e+00 2.0117137199999880e+00 3.6476960000000032e+00 
5.9300000000000000e+00 2.0479436799999880e+00 3.5488960000000036e+00 
5.9400000000000000e+00 2.0831856399999880e+00 3.4500960000000040e+00 
5.9500000000000000e+00 2.1174395999999880e+00 3.3512960000000040e+00 
5.9600000000000000e+00 2.1507055599999880e+00 3.2524960000000044e+00 
5.9700000000000000e+00 2.1829835199999880e+00 3.1536960000000044e+00 
5.9800000000000008e+00 2.2142734799999880e+00 3.0548960000000048e+00 
5.9900000000000000e+00 2.2445754399999884e+00 2.9560960000000048e+00 
6.0000000000000000e+00 2.2738893999999884e+00 2.8572960000000052e+00 
6.0100000000000000e+00 2.3022153599999884e+00 2.7584960000000052e+00 
6.0199999999999992e+00 2.3295533199999884e+00 2.6596960000000056e+00 
6.0300000000000000e+00 2.3559032799999888e+00 2.5608960000000060e+00 
6.0400000000000000e+00 2.3812652399999888e+00 2.4620960000000060e+00 
6.0500000000000000e+00 2.4056391999999888e+00 2.3632960000000064e+00 
6.0600000000000000e+00 2.4290251599999892e+00 2.2644960000000064e+00 
6.0700000000000000e+00 2.4514231199999892e+00 2.1656960000000068e+00 
6.0800000000000000e+00 2.4728330799999892e+00 2.0668960000000068e+00 
6.0900000000000000e+00 2.4932550399999896e+00 1.9680960000000068e+00 
6.1000000000000000e+00 2.5126889999999892e+00 1.8692960000000068e+00 
6.1100000000000000e+00 2.5311349599999896e+00 1.7704960000000066e+00 
6.1200000000000000e+00 2.5485929199999892e+00 1.6716960000000062e+00 
6.1300000000000000e+00 2.5650628799999896e+00 1.5728960000000060e+00 
6.1400000000000000e+00 2.5805448399999892e+00 1.4740960000000058e+00 
6.1500000000000000e+00 2.5950387999999896e+00 1.3752960000000056e+00 
6.1600000000000000e+00 2.6085447599999892e+00 1.2764960000000054e+00 
6.1700000000000000e+00 2.6210627199999896e+00 1.1776960000000052e+00 
6.1800000000000000e+00 2.6325926799999896e+00 1.0788960000000050e+00 
6.1900000000000000e+00 2.6431346399999896e+00 9.8009600000000480e-01 
6.2000000000000000e+00 2.6526885999999896e+00 8.8129600000000480e-01 
6.2100000000000000e+00 2.6612545599999900e+00 7.8249600000000480e-01 
6.2200000000000000e+00 2.6688325199999900e+00 6.8369600000000488e-01 
6.2300000000000008e+00 2.6754224799999900e+00 5.8489600000000488e-01 
6.2400000000000000e+00 2.6810244399999900e+00 4.8609600000000488e-01 
6.2500000000000000e+00 2.6856383999999904e+00 3.8729600000000488e-01 
6.2600000000000000e+00 2.6892643599999904e+00 2.8849600000000484e-01 
6.2699999999999992e+00 2.6919023199999904e+00 1.8969600000000488e-01 
6.2800000000000000e+00 2.6935522799999904e+00 9.0896000000004864e-02 
6.2900000000000000e+00 2.6942142399999904e+00 -7.9039999999951504e-03 
6.3000000000000000e+00 2.6938881999999900e+00 -1.0670399999999516e-01 
6.3100000000000000e+00 2.6925741599999900e+00 -2.0550399999999516e-01 
6.3200000000000000e+00 2.6902721199999900e+00 -3.0430399999999520e-01 
6.3300000000000000e+00 2.6869820799999900e+00 -4.0310399999999520e-01 
6.3400000000000000e+00 2.6827040399999900e+00 -5.0190399999999528e-01 
6.3500000000000000e+00 2.6774379999999904e+00 -6.0070399999999528e-01 
6.3600000000000000e+00 2.6711839599999904e+00 -6.9950399999999528e-01 
6.3700000000000000e+00 2.6639419199999904e+00 -7.9830399999999520e-01 
6.3800000000000000e+00 2.6557118799999904e+00 -8.9710399999999520e-01 
6.3900000000000000e+00 2.6464938399999904e+00 -9.9590399999999520e-01 
6.4000000000000000e+00 2.6362877999999904e+00 -1.0947039999999954e+00 
6.4100000000000000e+00 2.6250937599999908e+00 -1.1935039999999956e+00 
6.4200000000000000e+00 2.6129117199999908e+00 -1.2923039999999960e+00 
6.4300000000000000e+00 2.5997416799999908e+00 -1.3911039999999962e+00 
6.4400000000000000e+00 2.5855836399999908e+00 -1.4899039999999964e+00 
6.4500000000000000e+00 2.5704375999999912e+00 -1.5887039999999966e+00 
6.4600000000000000e+00 2.5543035599999912e+00 -1.6875039999999968e+00 
6.4700000000000000e+00 2.5371815199999908e+00 -1.7863039999999970e+00 
6.4800000000000008e+00 2.5190714799999912e+00 -1.8851039999999972e+00 
6.4900000000000000e+00 2.4999734399999908e+00 -1.9839039999999976e+00 
6.5000000000000000e+00 2.4798873999999912e+00 -2.0827039999999976e+00 
6.5100000000000000e+00 2.4588133599999908e+00 -2.1815039999999972e+00 
6.5199999999999992e+00 2.4367513199999912e+00 -2.2803039999999972e+00 
6.5300000000000000e+00 2.4137012799999908e+00 -2.3791039999999968e+00 
6.5400000000000000e+00 2.3896632399999912e+00 -2.4779039999999964e+00 
6.5500000000000000e+00 2.3646371999999908e+00 -2.5767039999999964e+00 
6.5600000000000000e+00 2.3386231599999912e+00 -2.6755039999999960e+00 
6.5700000000000000e+00 2.3116211199999908e+00 -2.7743039999999960e+00 
6.5800000000000000e+00 2.2836310799999912e+00 -2.8731039999999956e+00 
6.5900000000000000e+00 2.2546530399999912e+00 -2.9719039999999956e+00 
6.6000000000000000e+00 2.2246869999999916e+00 -3.0707039999999952e+00 
6.6100000000000000e+00 2.1937329599999912e+00 -3.1695039999999948e+00 
6.6200000000000000e+00 2.1617909199999916e+00 -3.2683039999999948e+00 
6.6300000000000000e+00 2.1288608799999916e+00 -3.3671039999999944e+00 
6.6400000000000000e+00 2.0949428399999920e+00 -3.4659039999999944e+00 
6.6500000000000000e+00 2.0600367999999916e+00 -3.5647039999999940e+00 
6.6600000000000000e+00 2.0241427599999920e+00 -3.6635039999999936e+00 
6.6700000000000000e+00 1.9872607199999920e+00 -3.7623039999999936e+00 
6.6800000000000000e+00 1.9493906799999924e+00 -3.8611039999999936e+00 
6.6900000000000000e+00 1.9105326399999924e+00 -3.9599039999999936e+00 
6.7000000000000000e+00 1.8706865999999924e+00 -4.0587039999999936e+00 
6.7100000000000000e+00 1.8298525599999920e+00 -4.1575039999999944e+00 
6.7200000000000000e+00 1.7880305199999922e+00 -4.2563039999999944e+00 
6.7300000000000008e+00 1.7452204799999922e+00 -4.3551039999999952e+00 
6.7400000000000000e+00 1.7014224399999922e+00 -4.4539039999999960e+00 
6.7500000000000000e+00 1.6566363999999922e+00 -4.5527039999999968e+00 
6.7600000000000000e+00 1.6108623599999922e+00 -4.6515039999999976e+00 
6.7699999999999992e+00 1.5641003199999924e+00 -4.7503039999999984e+00 
6.7800000000000000e+00 1.5163502799999924e+00 -4.8491039999999984e+00 
6.7900000000000000e+00 1.4676122399999924e+00 -4.9479039999999992e+00 
6.8000000000000000e+00 1.4178861999999926e+00 -5.0467040000000000e+00 
6.8100000000000000e+00 1.3671721599999926e+00 -5.1455040000000008e+00 
6.8200000000000000e+00 1.3154701199999926e+00 -5.2443040000000016e+00 
6.8300000000000000e+00 1.2627800799999924e+00 -5.3431040000000024e+00 
6.8400000000000000e+00 1.2091020399999924e+00 -5.4419040000000024e+00 
6.8500000000000000e+00 1.1544359999999922e+00 -5.5407040000000032e+00 
6.8600000000000000e+00 1.0987819599999922e+00 -5.6395040000000040e+00 
6.8700000000000000e+00 1.0421399199999922e+00 -5.7383040000000048e+00 
6.8800000000000000e+00 9.8450987999999200e-01 -5.8371040000000056e+00 
6.8900000000000000e+00 9.2589183999999184e-01 -5.9359040000000064e+00 
6.9000000000000000e+00 8.6628579999999184e-01 -6.0347040000000064e+00 
6.9100000000000000e+00 8.0569175999999168e-01 -6.1335040000000072e+00 
6.9200000000000000e+00 7.4410971999999152e-01 -6.2323040000000080e+00 
6.9300000000000000e+00 6.8153967999999144e-01 -6.3311040000000088e+00 
6.9400000000000000e+00 6.1798163999999136e-01 -6.4299040000000096e+00 
6.9500000000000000e+00 5.5343559999999128e-01 -6.5287040000000104e+00 
6.9600000000000000e+00 4.8790155999999120e-01 -6.6275040000000104e+00 
6.9700000000000000e+00 4.2137951999999112e-01 -6.7263040000000112e+00 
6.9800000000000008e+00 3.5386947999999096e-01 -6.8251040000000120e+00 
6.9900000000000000e+00 2.8537143999999080e-01 -6.9239040000000128e+00 
7.0000000000000000e+00 2.1588539999999068e-01 -7.0227040000000136e+00 
7.0100000000000000e+00 1.4541135999999056e-01 -7.1215040000000144e+00 
7.0199999999999992e+00 7.3949319999990416e-02 -7.2203040000000144e+00 
7.0300000000000000e+00 1.4992799999902564e-03 5.8552832000000128e+00 
7.0400000000000000e+00 5.9805111999990392e-02 5.7564832000000120e+00 
7.0500000000000000e+00 1.1712294399999052e-01 5.6576832000000120e+00 
7.0600000000000000e+00 1.7345277599999064e-01 5.5588832000000112e+00 
7.0700000000000000e+00 2.2879460799999076e-01 5.4600832000000104e+00 
7.0800000000000000e+00 2.8314843999999084e-01 5.3612832000000096e+00 
7.0900000000000000e+00 3.3651427199999096e-01 5.2624832000000088e+00 
7.1000000000000000e+00 3.8889210399999104e-01 5.1636832000000080e+00 
7.1100000000000000e+00 4.4028193599999120e-01 5.0648832000000080e+00 
7.1200000000000000e+00 4.9068376799999128e-01 4.9660832000000072e+00 
7.1300000000000000e+00 5.4009759999999128e-01 4.8672832000000064e+00 
7.1400000000000000e+00 5.8852343199999136e-01 4.7684832000000056e+00 
7.1500000000000000e+00 6.3596126399999144e-01 4.6696832000000048e+00 
7.1600000000000000e+00 6.8241109599999152e-01 4.5708832000000040e+00 
7.1700000000000000e+00 7.2787292799999152e-01 4.4720832000000040e+00 
7.1800000000000000e+00 7.7234675999999168e-01 4.3732832000000032e+00 
7.1900000000000000e+00 8.1583259199999184e-01 4.2744832000000024e+00 
7.2000000000000000e+00 8.5833042399999200e-01 4.1756832000000016e+00 
7.2100000000000000e+00 8.9984025599999184e-01 4.0768832000000008e+00 
7.2200000000000000e+00 9.4036208799999184e-01 3.9780832000000008e+00 
7.2300000000000000e+00 9.7989591999999168e-01 3.8792832000000008e+00 
7.2400000000000000e+00 1.0184417519999918e+00 3.7804832000000016e+00 
7.2500000000000000e+00 1.0559995839999918e+00 3.6816832000000016e+00 
7.2600000000000000e+00 1.0925694159999920e+00 3.5828832000000016e+00 
7.2700000000000000e+00 1.1281512479999920e+00 3.4840832000000020e+00 
7.2800000000000000e+00 1.1627450799999922e+00 3.3852832000000020e+00 
7.2900000000000000e+00 1.1963509119999922e+00 3.2864832000000024e+00 
7.3000000000000000e+00 1.2289687439999924e+00 3.1876832000000028e+00 
7.3100000000000000e+00 1.2605985759999924e+00 3.0888832000000028e+00 
7.3200000000000000e+00 1.2912404079999924e+00 2.9900832000000032e+00 
7.3300000000000000e+00 1.3208942399999924e+00 2.8912832000000032e+00 
7.3400000000000000e+00 1.3495600719999922e+00 2.7924832000000036e+00 
7.3500000000000000e+00 1.3772379039999922e+00 2.6936832000000036e+00 
7.3600000000000000e+00 1.4039277359999922e+00 2.5948832000000040e+00 
7.3700000000000000e+00 1.4296295679999922e+00 2.4960832000000040e+00 
7.3800000000000000e+00 1.4543433999999922e+00 2.3972832000000044e+00 
7.3900000000000000e+00 1.4780692319999922e+00 2.2984832000000048e+00 
7.4000000000000000e+00 1.5008070639999922e+00 2.1996832000000048e+00 
7.4100000000000000e+00 1.5225568959999922e+00 2.1008832000000052e+00 
7.4200000000000000e+00 1.5433187279999922e+00 2.0020832000000052e+00 
7.4300000000000000e+00 1.5630925599999924e+00 1.9032832000000052e+00 
7.4400000000000000e+00 1.5818783919999924e+00 1.8044832000000048e+00 
7.4500000000000000e+00 1.5996762239999924e+00 1.7056832000000046e+00 
7.4600000000000000e+00 1.6164860559999926e+00 1.6068832000000044e+00 
7.4700000000000000e+00 1.6323078879999926e+00 1.5080832000000042e+00 
7.4800000000000000e+00 1.6471417199999928e+00 1.4092832000000040e+00 
7.4900000000000000e+00 1.6609875519999928e+00 1.3104832000000038e+00 
7.5000000000000000e+00 1.6738453839999930e+00 1.2116832000000036e+00 
7.5100000000000000e+00 1.6857152159999930e+00 1.1128832000000032e+00 
7.5200000000000000e+00 1.6965970479999930e+00 1.0140832000000030e+00 
7.5300000000000000e+00 1.7064908799999930e+00 9.1528320000000304e-01 
7.5400000000000000e+00 1.7153967119999928e+00 8.1648320000000304e-01 
7.5500000000000000e+00 1.7233145439999928e+00 7.1768320000000304e-01 
7.5600000000000000e+00 1.7302443759999928e+00 6.1888320000000304e-01 
7.5700000000000000e+00 1.7361862079999928e+00 5.2008320000000304e-01 
7.5800000000000000e+00 1.7411400399999928e+00 4.2128320000000304e-01 
7.5900000000000000e+00 1.7451058719999928e+00 3.2248320000000308e-01 
7.6000000000000000e+00 1.7480837039999928e+00 2.2368320000000308e-01 
7.6100000000000000e+00 1.7500735359999928e+00 1.2488320000000308e-01 
7.6200000000000000e+00 1.7510753679999928e+00 2.6083200000003076e-02 
7.6300000000000000e+00 1.7510891999999930e+00 -7.2716799999996944e-02 
7.6400000000000000e+00 1.7501150319999930e+00 -1.7151679999999694e-01 
7.6500000000000000e+00 1.7481528639999930e+00 -2.7031679999999696e-01 
7.6600000000000000e+00 1.7452026959999932e+00 -3.6911679999999696e-01 
7.6700000000000000e+00 1.7412645279999932e+00 -4.6791679999999696e-01 
7.6800000000000000e+00 1.7363383599999934e+00 -5.6671679999999704e-01 
7.6900000000000000e+00 1.7304241919999934e+00 -6.6551679999999704e-01 
7.7000000000000000e+00 1.7235220239999936e+00 -7.6431679999999696e-01 
7.7100000000000000e+00 1.7156318559999936e+00 -8.6311679999999696e-01 
7.7200000000000000e+00 1.7067536879999936e+00 -9.6191679999999696e-01 
7.7300000000000000e+00 1.6968875199999936e+00 -1.0607167999999972e+00 
7.7400000000000000e+00 1.6860333519999934e+00 -1.1595167999999974e+00 
7.7500000000000000e+00 1.6741911839999934e+00 -1.2583167999999976e+00 
7.7600000000000000e+00 1.6613610159999934e+00 -1.3571167999999978e+00 
7.7700000000000000e+00 1.6475428479999934e+00 -1.4559167999999980e+00 
7.7800000000000000e+00 1.6327366799999934e+00 -1.5547167999999982e+00 
7.7900000000000000e+00 1.6169425119999934e+00 -1.6535167999999984e+00 
7.8000000000000000e+00 1.6001603439999934e+00 -1.7523167999999986e+00 
7.8100000000000000e+00 1.5823901759999934e+00 -1.8511167999999988e+00 
7.8200000000000000e+00 1.5636320079999934e+00 -1.9499167999999992e+00 
7.8300000000000000e+00 1.5438858399999936e+00 -2.0487167999999992e+00 
7.8400000000000000e+00 1.5231516719999936e+00 -2.1475167999999992e+00 
7.8500000000000000e+00 1.5014295039999936e+00 -2.2463167999999988e+00 
7.8600000000000000e+00 1.4787193359999938e+00 -2.3451167999999988e+00 
7.8700000000000000e+00 1.4550211679999938e+00 -2.4439167999999984e+00 
7.8800000000000000e+00 1.4303349999999940e+00 -2.5427167999999984e+00 
7.8900000000000000e+00 1.4046608319999940e+00 -2.6415167999999980e+00 
7.9000000000000000e+00 1.3779986639999942e+00 -2.7403167999999976e+00 
7.9100000000000000e+00 1.3503484959999942e+00 -2.8391167999999976e+00 
7.9200000000000000e+00 1.3217103279999942e+00 -2.9379167999999972e+00 
7.9300000000000000e+00 1.2920841599999942e+00 -3.0367167999999972e+00 
7.9400000000000000e+00 1.2614699919999942e+00 -3.1355167999999968e+00 
7.9500000000000000e+00 1.2298678239999940e+00 -3.2343167999999968e+00 
7.9600000000000000e+00 1.1972776559999940e+00 -3.3331167999999964e+00 
7.9700000000000000e+00 1.1636994879999940e+00 -3.4319167999999964e+00 
7.9800000000000000e+00 1.1291333199999940e+00 -3.5307167999999960e+00 
7.9900000000000000e+00 1.0935791519999940e+00 -3.6295167999999960e+00 
8.0000000000000000e+00 1.0570369839999940e+00 -3.7283167999999952e+00 
8.0100000000000000e+00 1.0195068159999940e+00 -3.8271167999999952e+00 
8.0200000000000000e+00 9.8098864799999408e-01 -3.9259167999999952e+00 
8.0300000000000000e+00 9.4148247999999408e-01 -4.0247167999999952e+00 
8.0399999999999984e+00 9.0098831199999408e-01 -4.1235167999999952e+00 
8.0500000000000000e+00 8.5950614399999408e-01 -4.2223167999999960e+00 
8.0600000000000000e+00 8.1703597599999408e-01 -4.3211167999999968e+00 
8.0700000000000000e+00 7.7357780799999392e-01 -4.4199167999999976e+00 
8.0800000000000000e+00 7.2913163999999392e-01 -4.5187167999999984e+00 
8.0900000000000000e+00 6.8369747199999400e-01 -4.6175167999999992e+00 
8.1000000000000000e+00 6.3727530399999400e-01 -4.7163167999999992e+00 
8.1100000000000000e+00 5.8986513599999400e-01 -4.8151168000000000e+00 
8.1200000000000000e+00 5.4146696799999408e-01 -4.9139168000000008e+00 
8.1300000000000000e+00 4.9208079999999408e-01 -5.0127168000000016e+00 
8.1400000000000000e+00 4.4170663199999400e-01 -5.1115168000000024e+00 
8.1500000000000000e+00 3.9034446399999392e-01 -5.2103168000000032e+00 
8.1600000000000000e+00 3.3799429599999392e-01 -5.3091168000000032e+00 
8.1700000000000000e+00 2.8465612799999392e-01 -5.4079168000000040e+00 
8.1800000000000000e+00 2.3032995999999388e-01 -5.5067168000000048e+00 
8.1900000000000000e+00 1.7501579199999382e-01 -5.6055168000000056e+00 
8.2000000000000000e+00 1.1871362399999376e-01 -5.7043168000000064e+00 
8.2100000000000016e+00 6.1423455999993696e-02 -5.8031168000000072e+00 
8.2200000000000000e+00 3.1452879999936260e-03 4.7215334400000064e+00 
8.2300000000000000e+00 5.0113622399993688e-02 4.6227334400000056e+00 
8.2400000000000000e+00 9.6093956799993744e-02 4.5239334400000048e+00 
8.2500000000000000e+00 1.4108629119999380e-01 4.4251334400000040e+00 
8.2600000000000000e+00 1.8509062559999384e-01 4.3263334400000032e+00 
8.2700000000000000e+00 2.2810695999999388e-01 4.2275334400000032e+00 
8.2800000000000000e+00 2.7013529439999388e-01 4.1287334400000024e+00 
8.2899999999999984e+00 3.1117562879999388e-01 4.0299334400000016e+00 
8.3000000000000000e+00 3.5122796319999388e-01 3.9311334400000016e+00 
8.3100000000000000e+00 3.9029229759999392e-01 3.8323334400000016e+00 
8.3200000000000000e+00 4.2836863199999392e-01 3.7335334400000024e+00 
8.3300000000000000e+00 4.6545696639999392e-01 3.6347334400000024e+00 
8.3400000000000000e+00 5.0155730079999392e-01 3.5359334400000028e+00 
8.3500000000000000e+00 5.3666963519999400e-01 3.4371334400000028e+00 
8.3600000000000000e+00 5.7079396959999408e-01 3.3383334400000032e+00 
8.3700000000000000e+00 6.0393030399999416e-01 3.2395334400000032e+00 
8.3800000000000000e+00 6.3607863839999424e-01 3.1407334400000036e+00 
8.3900000000000000e+00 6.6723897279999432e-01 3.0419334400000036e+00 
8.4000000000000000e+00 6.9741130719999448e-01 2.9431334400000040e+00 
8.4100000000000000e+00 7.2659564159999456e-01 2.8443334400000044e+00 
8.4200000000000000e+00 7.5479197599999472e-01 2.7455334400000044e+00 
8.4300000000000000e+00 7.8200031039999488e-01 2.6467334400000048e+00 
8.4400000000000000e+00 8.0822064479999488e-01 2.5479334400000048e+00 
8.4500000000000000e+00 8.3345297919999488e-01 2.4491334400000052e+00 
8.4600000000000016e+00 8.5769731359999472e-01 2.3503334400000052e+00 
8.4700000000000000e+00 8.8095364799999472e-01 2.2515334400000056e+00 
8.4800000000000000e+00 9.0322198239999472e-01 2.1527334400000056e+00 
8.4900000000000000e+00 9.2450231679999472e-01 2.0539334400000060e+00 
8.5000000000000000e+00 9.4479465119999472e-01 1.9551334400000060e+00 
8.5100000000000000e+00 9.6409898559999472e-01 1.8563334400000056e+00 
8.5200000000000000e+00 9.8241531999999472e-01 1.7575334400000056e+00 
8.5300000000000000e+00 9.9974365439999472e-01 1.6587334400000054e+00 
8.5399999999999984e+00 1.0160839887999950e+00 1.5599334400000052e+00 
8.5500000000000000e+00 1.0314363231999950e+00 1.4611334400000048e+00 
8.5600000000000000e+00 1.0458006575999950e+00 1.3623334400000046e+00 
8.5700000000000000e+00 1.0591769919999950e+00 1.2635334400000044e+00 
8.5800000000000000e+00 1.0715653263999950e+00 1.1647334400000042e+00 
8.5900000000000000e+00 1.0829656607999950e+00 1.0659334400000040e+00 
8.6000000000000000e+00 1.0933779951999950e+00 9.6713344000000384e-01 
8.6100000000000000e+00 1.1028023295999950e+00 8.6833344000000384e-01 
8.6200000000000000e+00 1.1112386639999950e+00 7.6953344000000384e-01 
8.6300000000000000e+00 1.1186869983999950e+00 6.7073344000000392e-01 
8.6400000000000000e+00 1.1251473327999950e+00 5.7193344000000392e-01 
8.6500000000000000e+00 1.1306196671999950e+00 4.7313344000000392e-01 
8.6600000000000000e+00 1.1351040015999952e+00 3.7433344000000392e-01 
8.6700000000000000e+00 1.1386003359999952e+00 2.7553344000000392e-01 
8.6800000000000000e+00 1.1411086703999954e+00 1.7673344000000390e-01 
8.6900000000000000e+00 1.1426290047999954e+00 7.7933440000003904e-02 
8.7000000000000000e+00 1.1431613391999956e+00 -2.0866559999996108e-02 
8.7100000000000016e+00 1.1427056735999956e+00 -1.1966655999999612e-01 
8.7200000000000000e+00 1.1412620079999958e+00 -2.1846655999999612e-01 
8.7300000000000000e+00 1.1388303423999960e+00 -3.1726655999999616e-01 
8.7400000000000000e+00 1.1354106767999958e+00 -4.1606655999999616e-01 
8.7500000000000000e+00 1.1310030111999958e+00 -5.1486655999999616e-01 
8.7600000000000000e+00 1.1256073455999958e+00 -6.1366655999999616e-01 
8.7700000000000000e+00 1.1192236799999958e+00 -7.1246655999999616e-01 
8.7800000000000000e+00 1.1118520143999958e+00 -8.1126655999999616e-01 
8.7899999999999984e+00 1.1034923487999956e+00 -9.1006655999999616e-01 
8.8000000000000000e+00 1.0941446831999956e+00 -1.0088665599999962e+00 
8.8100000000000000e+00 1.0838090175999958e+00 -1.1076665599999964e+00 
8.8200000000000000e+00 1.0724853519999958e+00 -1.2064665599999966e+00 
8.8300000000000000e+00 1.0601736863999958e+00 -1.3052665599999968e+00 
8.8400000000000000e+00 1.0468740207999958e+00 -1.4040665599999970e+00 
8.8500000000000000e+00 1.0325863551999958e+00 -1.5028665599999972e+00 
8.8600000000000000e+00 1.0173106895999960e+00 -1.6016665599999976e+00 
8.8700000000000000e+00 1.0010470239999960e+00 -1.7004665599999978e+00 
8.8800000000000000e+00 9.8379535839999600e-01 -1.7992665599999980e+00 
8.8900000000000000e+00 9.6555569279999600e-01 -1.8980665599999980e+00 
8.9000000000000000e+00 9.4632802719999600e-01 -1.9968665599999984e+00 
8.9100000000000000e+00 9.2611236159999600e-01 -2.0956665599999984e+00 
8.9200000000000000e+00 9.0490869599999600e-01 -2.1944665599999980e+00 
8.9300000000000000e+00 8.8271703039999600e-01 -2.2932665599999980e+00 
8.9400000000000000e+00 8.5953736479999616e-01 -2.3920665599999976e+00 
8.9500000000000000e+00 8.3536969919999616e-01 -2.4908665599999976e+00 
8.9600000000000016e+00 8.1021403359999616e-01 -2.5896665599999972e+00 
8.9700000000000000e+00 7.8407036799999632e-01 -2.6884665599999972e+00 
8.9800000000000000e+00 7.5693870239999632e-01 -2.7872665599999968e+00 
8.9900000000000000e+00 7.2881903679999648e-01 -2.8860665599999968e+00 
9.0000000000000000e+00 6.9971137119999664e-01 -2.9848665599999964e+00 
9.0100000000000000e+00 6.6961570559999672e-01 -3.0836665599999960e+00 
9.0200000000000000e+00 6.3853203999999688e-01 -3.1824665599999960e+00 
9.0300000000000000e+00 6.0646037439999704e-01 -3.2812665599999956e+00 
9.0399999999999984e+00 5.7340070879999704e-01 -3.3800665599999956e+00 
9.0500000000000000e+00 5.3935304319999696e-01 -3.4788665599999952e+00 
9.0600000000000000e+00 5.0431737759999696e-01 -3.5776665599999952e+00 
9.0700000000000000e+00 4.6829371199999704e-01 -3.6764665599999952e+00 
9.0800000000000000e+00 4.3128204639999712e-01 -3.7752665599999944e+00 
9.0900000000000000e+00 3.9328238079999720e-01 -3.8740665599999944e+00 
9.1000000000000000e+00 3.5429471519999724e-01 -3.9728665599999944e+00 
9.1100000000000000e+00 3.1431904959999724e-01 -4.0716665599999944e+00 
9.1200000000000000e+00 2.7335538399999724e-01 -4.1704665599999952e+00 
9.1300000000000000e+00 2.3140371839999728e-01 -4.2692665599999960e+00 
9.1400000000000000e+00 1.8846405279999732e-01 -4.3680665599999960e+00 
9.1500000000000000e+00 1.4453638719999740e-01 -4.4668665599999968e+00 
9.1600000000000000e+00 9.9620721599997424e-02 -4.5656665599999976e+00 
9.1700000000000000e+00 5.3717055999997448e-02 -4.6644665599999984e+00 
9.1800000000000000e+00 6.8253903999974592e-03 -4.7632665599999992e+00 
9.1900000000000000e+00 2.2597238399974620e-03 3.8007332480000000e+00 
9.2000000000000000e+00 4.0020056319997456e-02 3.7019332480000000e+00 
9.2100000000000016e+00 7.6792388799997456e-02 3.6031332480000000e+00 
9.2200000000000000e+00 1.1257672127999746e-01 3.5043332480000004e+00 
9.2300000000000000e+00 1.4737305375999748e-01 3.4055332480000008e+00 
9.2400000000000000e+00 1.8118138623999752e-01 3.3067332480000008e+00 
9.2500000000000000e+00 2.1400171871999752e-01 3.2079332480000012e+00 
9.2600000000000000e+00 2.4583405119999752e-01 3.1091332480000012e+00 
9.2700000000000000e+00 2.7667838367999752e-01 3.0103332480000016e+00 
9.2800000000000000e+00 3.0653471615999752e-01 2.9115332480000016e+00 
9.2899999999999984e+00 3.3540304863999748e-01 2.8127332480000020e+00 
9.3000000000000000e+00 3.6328338111999744e-01 2.7139332480000024e+00 
9.3100000000000000e+00 3.9017571359999744e-01 2.6151332480000024e+00 
9.3200000000000000e+00 4.1608004607999752e-01 2.5163332480000028e+00 
9.3300000000000000e+00 4.4099637855999752e-01 2.4175332480000028e+00 
9.3400000000000000e+00 4.6492471103999752e-01 2.3187332480000032e+00 
9.3500000000000000e+00 4.8786504351999760e-01 2.2199332480000032e+00 
9.3600000000000000e+00 5.0981737599999768e-01 2.1211332480000036e+00 
9.3700000000000000e+00 5.3078170847999776e-01 2.0223332480000040e+00 
9.3800000000000000e+00 5.5075804095999784e-01 1.9235332480000036e+00 
9.3900000000000000e+00 5.6974637343999792e-01 1.8247332480000032e+00 
9.4000000000000000e+00 5.8774670591999800e-01 1.7259332480000032e+00 
9.4100000000000000e+00 6.0475903839999808e-01 1.6271332480000030e+00 
9.4200000000000000e+00 6.2078337087999824e-01 1.5283332480000026e+00 
9.4300000000000000e+00 6.3581970335999824e-01 1.4295332480000024e+00 
9.4400000000000000e+00 6.4986803583999816e-01 1.3307332480000022e+00 
9.4500000000000000e+00 6.6292836831999816e-01 1.2319332480000020e+00 
9.4600000000000016e+00 6.7500070079999808e-01 1.1331332480000018e+00 
9.4700000000000000e+00 6.8608503327999800e-01 1.0343332480000016e+00 
9.4800000000000000e+00 6.9618136575999800e-01 9.3553324800000160e-01 
9.4900000000000000e+00 7.0528969823999800e-01 8.3673324800000160e-01 
9.5000000000000000e+00 7.1341003071999800e-01 7.3793324800000160e-01 
9.5100000000000000e+00 7.2054236319999800e-01 6.3913324800000160e-01 
9.5200000000000000e+00 7.2668669567999792e-01 5.4033324800000160e-01 
9.5300000000000000e+00 7.3184302815999808e-01 4.4153324800000160e-01 
9.5399999999999984e+00 7.3601136063999808e-01 3.4273324800000160e-01 
9.5500000000000000e+00 7.3919169311999808e-01 2.4393324800000160e-01 
9.5600000000000000e+00 7.4138402559999824e-01 1.4513324800000160e-01 
9.5700000000000000e+00 7.4258835807999824e-01 4.6333248000001600e-02 
9.5800000000000000e+00 7.4280469055999824e-01 -5.2466751999998416e-02 
9.5900000000000000e+00 7.4203302303999840e-01 -1.5126675199999842e-01 
9.6000000000000000e+00 7.4027335551999856e-01 -2.5006675199999844e-01 
9.6100000000000000e+00 7.3752568799999856e-01 -3.4886675199999844e-01 
9.6200000000000000e+00 7.3379002047999856e-01 -4.4766675199999848e-01 
9.6300000000000000e+00 7.2906635295999856e-01 -5.4646675199999848e-01 
9.6400000000000000e+00 7.2335468543999840e-01 -6.4526675199999848e-01 
9.6500000000000000e+00 7.1665501791999840e-01 -7.4406675199999856e-01 
9.6600000000000000e+00 7.0896735039999840e-01 -8.4286675199999856e-01 
9.6700000000000000e+00 7.0029168287999832e-01 -9.4166675199999856e-01 
9.6800000000000000e+00 6.9062801535999832e-01 -1.0404667519999986e+00 
9.6900000000000000e+00 6.7997634783999824e-01 -1.1392667519999988e+00 
9.7000000000000000e+00 6.6833668031999824e-01 -1.2380667519999990e+00 
9.7100000000000016e+00 6.5570901279999824e-01 -1.3368667519999992e+00 
9.7200000000000000e+00 6.4209334527999832e-01 -1.4356667519999994e+00 
9.7300000000000000e+00 6.2748967775999832e-01 -1.5344667519999998e+00 
9.7400000000000000e+00 6.1189801023999832e-01 -1.6332667520000000e+00 
9.7500000000000000e+00 5.9531834271999840e-01 -1.7320667520000002e+00 
9.7600000000000000e+00 5.7775067519999848e-01 -1.8308667520000004e+00 
9.7700000000000000e+00 5.5919500767999856e-01 -1.9296667520000004e+00 
9.7800000000000000e+00 5.3965134015999864e-01 -2.0284667520000008e+00 
9.7899999999999984e+00 5.1911967263999872e-01 -2.1272667520000004e+00 
9.8000000000000000e+00 4.9760000511999872e-01 -2.2260667520000004e+00 
9.8100000000000000e+00 4.7509233759999872e-01 -2.3248667520000000e+00 
9.8200000000000000e+00 4.5159667007999880e-01 -2.4236667520000000e+00 
9.8300000000000000e+00 4.2711300255999880e-01 -2.5224667519999996e+00 
9.8400000000000000e+00 4.0164133503999880e-01 -2.6212667519999996e+00 
9.8500000000000000e+00 3.7518166751999888e-01 -2.7200667519999992e+00 
9.8600000000000000e+00 3.4773399999999888e-01 -2.8188667519999992e+00 
9.8700000000000000e+00 3.1929833247999884e-01 -2.9176667519999988e+00 
9.8800000000000000e+00 2.8987466495999880e-01 -3.0164667519999984e+00 
9.8900000000000000e+00 2.5946299743999880e-01 -3.1152667519999984e+00 
9.9000000000000000e+00 2.2806332991999880e-01 -3.2140667519999980e+00 
9.9100000000000000e+00 1.9567566239999880e-01 -3.3128667519999980e+00 
9.9200000000000000e+00 1.6229999487999880e-01 -3.4116667519999976e+00 
9.9300000000000000e+00 1.2793632735999882e-01 -3.5104667519999976e+00 
9.9400000000000000e+00 9.2584659839998864e-02 -3.6092667519999976e+00 
9.9500000000000000e+00 5.6244992319998880e-02 -3.7080667519999968e+00 
9.9600000000000016e+00 1.8917324799998912e-02 -3.8068667519999968e+00 
9.9700000000000000e+00 1.5308058047998914e-02 3.0356134015999980e+00 
9.9800000000000000e+00 4.5417192063998888e-02 2.9368134015999980e+00 
9.9900000000000000e+00 7.4538326079998864e-02 2.8380134015999984e+00 
1.0000000000000000e+01 1.0267146009599886e-01 2.7392134015999984e+00 
